=~=~=~=~=~=~=~=~=~=~=~= PuTTY log 2024.04.23 10:21:44 =~=~=~=~=~=~=~=~=~=~=~=
1.1121
2.1111
3.1125
4.1129
5.1122
6.1073
7.1114
8.1121
9.1119
10.1102
11.1127
12.1127
13.1127
14.1122
15.1120
16.1127
17.1122
18.1122
19.1120
20.1129
21.1127
22.1129
23.1123
24.1093
25.1119
26.1121
27.1120
28.1124
29.1128
30.1129
31.1123
32.1127
33.1121
34.1121
35.1116
36.1119
37.1125
38.1130
39.1127
40.1119
41.1121
42.1114
43.1116
44.1119
45.1127
46.1125
47.1128
48.1126
49.1122
50.1121
51.1119
52.1142
53.1122
54.1127
55.1125
56.1126
57.1126
58.1127
59.1127
60.1127
61.1126
62.1109
63.1129
64.1125
65.1122
66.1119
67.1121
68.1121
69.1121
70.1134
71.1126
72.1127
73.1126
74.1120
75.1122
76.1121
77.1119
78.1122
79.1119
80.1127
81.1127
82.1127
83.1122
84.1123
85.1120
86.1120
87.1120
88.1127
89.1132
90.1130
91.1193
92.1119
93.1129
94.1125
95.1119
96.1122
97.1129
98.1130
99.1130
100.1122
101.1129
102.1122
103.1121
104.1121
105.1127
106.1125
107.1127
108.1129
109.1119
110.1119
111.1122
112.1124
113.1119
114.1127
115.1127
116.1126
117.1123
118.1119
119.1120
120.1104
121.1122
122.1123
123.1130
124.1127
125.1130
126.1121
127.1129
128.1129
129.1126
130.1130
131.1162
132.1135
133.1126
134.1127
135.1127
136.1127
137.1127
138.1126
139.1121
140.1088
141.1126
142.1123
143.1126
144.1124
145.1122
146.1125
147.1125
148.1127
149.1125
150.1127
151.1126
152.1123
153.1120
154.1121
155.1119
156.1117
157.1127
158.1126
159.1130
160.1121
161.1117
162.1121
163.1119
164.1116
165.1126
166.1125
167.1126
168.1125
169.1119
170.1117
171.1141
172.1124
173.1100
174.1130
175.1129
176.1126
177.1124
178.1121
179.1123
180.1122
181.1096
182.1115
183.1122
184.1126
185.1127
186.1119
187.1122
188.1119
189.1120
190.1109
191.1123
192.1131
193.1125
194.1121
195.1120
196.1119
197.1122
198.1136
199.1121
200.1126
201.1106
202.1127
203.1119
204.1117
205.1121
206.1122
207.1118
208.1127
209.1127
210.1129
211.1091
212.1114
213.1122
214.1121
215.1121
216.1120
217.1130
218.1124
219.1126
220.1119
221.1104
222.1125
223.1118
224.1124
225.1125
226.1133
227.1125
228.1127
229.1121
230.1118
231.1155
232.1123
233.1120
234.1127
235.1126
236.1127
237.1125
238.1121
239.1120
240.1121
241.1111
242.1119
243.1126
244.1124
245.1127
246.1121
247.1122
248.1120
249.1121
250.1121
251.1125
252.1127
253.1127
254.1123
255.1124
256.1121
257.1121
258.1125
259.1124
260.1126
261.1127
262.1129
263.1123
264.1122
265.1122
266.1123
267.1120
268.1129
269.1130
270.1126
271.1117
272.1121
273.1120
274.1121
275.1121
276.1122
277.1126
278.1127
279.1127
280.1122
281.1121
282.1110
283.1119
284.1120
285.1126
286.1127
287.1126
288.1126
289.1121
290.1119
291.1120
292.1120
293.1122
294.1129
295.1127
296.1127
297.1123
298.1121
299.1121
300.1120
301.1122
302.1121
303.1127
304.1126
305.1126
306.1123
307.1123
308.1120
309.1121
310.1106
311.1132
312.1136
313.1127
314.1118
315.1122
316.1120
317.1117
318.1120
319.1122
320.1130
321.1129
322.1123
323.1122
324.1122
325.1114
326.1120
327.1131
328.1126
329.1127
330.1127
331.1123
332.1123
333.1121
334.1122
335.1121
336.1119
337.1127
338.1125
339.1124
340.1121
341.1120
342.1118
343.1120
344.1120
345.1127
346.1126
347.1127
348.1130
349.1120
350.1123
351.1121
352.1105
353.1122
354.1128
355.1130
356.1127
357.1122
358.1119
359.1120
360.1118
361.1119
362.1122
363.1126
364.1127
365.1126
366.1123
367.1101
368.1121
369.1122
370.1105
371.1126
372.1127
373.1126
374.1119
375.1123
376.1121
377.1222
378.1120
379.1120
380.1130
381.1127
382.1123
383.1125
384.1124
385.1127
386.1121
387.1125
388.1129
389.1126
390.1128
391.1119
392.1123
393.1122
394.1075
395.1122
396.1122
397.1131
398.1185
399.1118
400.1120
401.1122
402.1122
403.1121
404.1121
405.1129
406.1130
407.1126
408.1123
409.1131
410.1123
411.1120
412.1118
413.1122
414.1131
415.1131
416.1129
417.1121
418.1118
419.1098
420.1127
421.1121
422.1122
423.1129
424.1173
425.1129
426.1121
427.1122
428.1120
429.1043
430.1111
431.1129
432.1119
433.1127
434.1121
435.1123
436.1123
437.1121
438.1119
439.1129
440.1123
441.1127
442.1129
443.1123
444.1124
445.1119
446.1121
447.1121
448.1126
449.1126
450.1237
451.1126
452.1121
453.1123
454.1122
455.1118
456.1121
457.1130
458.1126
459.1127
460.1169
461.1121
462.1120
463.1121
464.1121
465.1129
466.1125
467.1129
468.1127
469.1129
470.1131
471.1070
472.1127
473.1121
474.1127
475.1130
476.1128
477.1131
478.1121
479.1107
480.1126
481.1254
482.1121
483.1127
484.1125
485.1111
486.1121
487.1121
488.1123
489.1110
490.1160
491.1126
492.1123
493.1127
494.1121
495.1120
496.1120
497.1120
498.1122
499.1121
500.1129
501.1127
502.1129
503.1124
504.1120
505.1119
506.1119
507.1105
508.1125
509.1129
510.1127
511.1130
512.1123
513.1120
514.1123
515.1121
516.1120
517.1126
518.1126
519.1125
520.1119
521.1120
522.1099
523.1118
524.1119
525.1130
526.1127
527.1131
528.1131
529.1119
530.1122
531.1120
532.1138
533.1110
534.1129
535.1126
536.1125
537.1120
538.1122
539.1121
540.1122
541.1104
542.1123
543.1125
544.1127
545.1118
546.1122
547.1121
548.1121
549.1122
550.1107
551.1129
552.1128
553.1129
554.1121
555.1077
556.1122
557.1122
558.1123
559.1122
560.1131
561.1128
562.1127
563.1117
564.1119
565.1082
566.1131
567.1120
568.1128
569.1131
570.1130
571.1121
572.1120
573.1118
574.1121
575.1119
576.1121
577.1127
578.1129
579.1127
580.1121
581.1125
582.1123
583.1120
584.1107
585.1127
586.1126
587.1122
588.1126
589.1121
590.1125
591.1122
592.1121
593.1124
594.1131
595.1127
596.1081
597.1121
598.1120
599.1123
600.1119
601.1120
602.1126
603.1129
604.1126
605.1127
606.1120
607.1074
608.1118
609.1124
610.1095
611.1127
612.1121
613.1127
614.1121
615.1121
616.1121
617.1018
618.1117
619.1121
620.1127
621.1126
622.1127
623.1122
624.1120
625.1121
626.1118
627.1103
628.1127
629.1130
630.1125
631.1121
632.1119
633.1121
634.1122
635.1119
636.1121
637.1125
638.1039
639.1131
640.1121
641.1121
642.1123
643.1122
644.1111
645.1131
646.1130
647.1127
648.1129
649.1120
650.1120
651.1121
652.1119
653.1122
654.1126
655.1129
656.1123
657.1122
658.1123
659.1143
660.1122
661.1121
662.1122
663.1127
664.1127
665.1125
666.1120
667.1121
668.1121
669.1099
670.1120
671.1129
672.1129
673.1129
674.1122
675.1122
676.1120
677.1120
678.1119
679.1097
680.1130
681.1130
682.1126
683.1123
684.1123
685.1117
686.1120
687.1105
688.1129
689.1130
690.1131
691.1123
692.1121
693.1120
694.1118
695.1118
696.1123
697.1125
698.1131
699.1126
700.1127
701.1040
702.1150
703.1127
704.1127
705.1130
706.1127
707.1127
708.1126
709.1127
710.1138
711.1052
712.1126
713.1122
714.1129
715.1126
716.1128
717.1127
718.1119
719.1125
720.1126
721.1089
722.1111
723.1122
724.1125
725.1099
726.1076
727.1119
728.1123
729.1122
730.1093
731.1124
732.1125
733.1129
734.1120
735.1119
736.1120
737.1120
738.1117
739.1122
740.1129
741.1126
742.1126
743.1119
744.1123
745.1122
746.1120
747.1122
748.1127
749.1130
750.1125
751.1119
752.1117
753.1122
754.1119
755.1121
756.1119
757.1131
758.1127
759.1126
760.1122
761.1120
762.1122
763.1121
764.1121
765.1127
766.1126
767.1124
768.1126
769.1122
770.1121
771.1123
772.1121
773.1121
774.1126
775.1126
776.1123
777.1126
778.1122
779.1122
780.1123
781.1122
782.1125
783.1127
784.1129
785.1123
786.1120
787.1058
788.1121
789.1121
790.1168
791.1126
792.1129
793.1127
794.1122
795.1124
796.1121
797.1119
798.1120
799.1121
800.1124
801.1114
802.1131
803.1123
804.1119
805.1120
806.1022
807.1121
808.1126
809.1126
810.1126
811.1122
812.1123
813.1122
814.1118
815.1119
816.1129
817.1127
818.1130
819.1126
820.1121
821.1130
822.1122
823.1122
824.1119
825.1127
826.1126
827.1126
828.1135
829.1121
830.1120
831.1120
832.1121
833.1121
834.1133
835.1129
836.1129
837.1120
838.1120
839.1118
840.1121
841.1097
842.1119
843.1125
844.1127
845.1129
846.1119
847.1062
848.1123
849.1117
850.1123
851.1129
852.1129
853.1132
854.1121
855.1122
856.1121
857.1111
858.1072
859.1119
860.1110
861.1130
862.1130
863.1120
864.1121
865.1118
866.1119
867.1104
868.1118
869.1126
870.1127
871.1105
872.1120
873.1120
874.1120
875.1122
876.1122
877.1061
878.1131
879.1127
880.1120
881.1126
882.1123
883.1122
884.1122
885.1127
886.1127
887.1130
888.1125
889.1119
890.1121
891.1135
892.1120
893.1125
894.1127
895.1129
896.1130
897.1130
898.1090
899.1165
900.1130
901.1129
902.1104
903.1122
904.1126
905.1127
906.1122
907.1121
908.1121
909.1142
910.1136
911.1127
912.1127
913.1128
914.1119
915.1122
916.1121
917.1120
918.1122
919.1156
920.1034
921.1129
922.1127
923.1122
924.1123
925.1123
926.1120
927.1120
928.1129
929.1162
930.1123
931.1119
932.1120
933.1121
934.1121
935.1121
936.1122
937.1129
938.1127
939.1131
940.1118
941.1120
942.1122
943.1120
944.1105
945.1142
946.1126
947.1129
948.1123
949.1122
950.1122
951.1121
952.1147
953.1119
954.1130
955.1130
956.1129
957.1122
958.1123
959.1121
960.1123
961.1120
962.1126
963.1123
964.1141
965.1126
966.1120
967.1123
968.1121
969.1104
970.1121
971.1128
972.1126
973.1099
974.1119
975.1119
976.1121
977.1122
978.1117
979.1122
980.1129
981.1127
982.1131
983.1134
984.1122
985.1118
986.1122
987.1121
988.1130
989.1126
990.1152
991.1121
992.1121
993.1121
994.1119
995.1120
996.1122
997.1131
998.1127
999.1130
1000.1121
1001.1107
1002.1120
1003.1121
1004.1158
1005.1130
1006.1126
1007.1126
1008.1119
1009.1115
1010.1122
1011.1121
1012.1122
1013.1123
1014.1123
1015.1058
1016.1126
1017.1119
1018.1121
1019.1118
1020.1118
1021.1123
1022.1123
1023.1129
1024.1130
1025.1078
1026.1121
1027.1123
1028.1121
1029.1120
1030.1121
1031.1127
1032.1130
1033.1121
1034.1119
1035.1153
1036.1125
1037.1128
1038.1120
1039.1120
1040.1129
1041.1131
1042.1120
1043.1120
1044.1123
1045.1121
1046.1122
1047.1123
1048.1129
1049.1129
1050.1131
1051.1121
1052.1207
1053.1120
1054.1121
1055.1121
1056.1121
1057.1126
1058.1125
1059.1127
1060.1121
1061.1120
1062.1124
1063.1122
1064.1119
1065.1127
1066.1222
1067.1127
1068.1125
1069.1119
1070.1119
1071.1121
1072.1077
1073.1161
1074.1130
1075.1126
1076.1129
1077.1120
1078.1117
1079.1119
1080.1122
1081.1121
1082.1123
1083.1126
1084.1127
1085.1131
1086.1083
1087.1123
1088.1123
1089.1119
1090.1123
1091.1128
1092.1127
1093.1104
1094.1121
1095.1123
1096.1121
1097.1135
1098.1121
1099.1119
1100.1127
1101.1127
1102.1128
1103.1121
1104.1230
1105.1122
1106.1121
1107.1104
1108.1127
1109.1125
1110.1129
1111.1130
1112.1121
1113.1108
1114.1122
1115.1121
1116.1121
1117.1129
1118.1118
1119.1127
1120.1122
1121.1121
1122.1120
1123.1120
1124.1123
1125.1130
1126.1129
1127.1126
1128.1093
1129.1120
1130.1121
1131.1120
1132.1121
1133.1119
1134.1129
1135.1127
1136.1126
1137.1121
1138.1119
1139.1122
1140.1121
1141.1122
1142.1121
1143.1209
1144.1129
1145.1127
1146.1119
1147.1122
1148.1119
1149.1121
1150.1123
1151.1127
1152.1127
1153.1127
1154.1119
1155.1125
1156.1122
1157.1121
1158.1124
1159.1119
1160.1130
1161.1127
1162.1129
1163.1120
1164.1167
1165.1121
1166.1120
1167.1122
1168.1129
1169.1129
1170.1127
1171.1124
1172.1118
1173.1123
1174.1118
1175.1121
1176.1120
1177.1128
1178.1129
1179.1126
1180.1121
1181.1123
1182.1122
1183.1103
1184.1118
1185.1125
1186.1127
1187.1127
1188.1126
1189.1120
1190.1122
1191.1119
1192.1125
1193.1121
1194.1131
1195.1125
1196.1125
1197.1121
1198.1123
1199.1119
1200.1122
1201.1122
1202.1123
1203.1129
1204.1127
1205.1127
1206.1122
1207.1119
1208.1121
1209.1122
1210.1124
1211.1128
1212.1130
1213.1128
1214.1095
1215.1121
1216.1119
1217.1120
1218.1117
1219.1118
1220.1129
1221.1126
1222.1130
1223.1122
1224.1050
1225.1121
1226.1118
1227.1122
1228.1125
1229.1126
1230.1126
1231.1120
1232.1111
1233.1120
1234.1121
1235.1076
1236.1119
1237.1127
1238.1126
1239.1128
1240.1120
1241.1119
1242.1122
1243.1123
1244.1118
1245.1128
1246.1127
1247.1127
1248.1127
1249.1120
1250.1120
1251.1118
1252.1138
1253.1120
1254.1127
1255.1127
1256.1126
1257.1130
1258.1123
1259.1119
1260.1120
1261.1121
1262.1129
1263.1136
1264.1129
1265.1126
1266.1122
1267.1122
1268.1121
1269.1121
1270.1107
1271.1126
1272.1125
1273.1122
1274.1119
1275.1119
1276.1063
1277.1141
1278.1119
1279.1118
1280.1126
1281.1127
1282.1127
1283.1119
1284.1119
1285.1121
1286.1067
1287.1119
1288.1125
1289.1127
1290.1130
1291.1123
1292.1123
1293.1116
1294.1123
1295.1118
1296.1121
1297.1174
1298.1125
1299.1141
1300.1119
1301.1122
1302.1120
1303.1119
1304.1122
1305.1127
1306.1127
1307.1127
1308.1123
1309.1123
1310.1123
1311.1123
1312.1121
1313.1119
1314.1129
1315.1125
1316.1125
1317.1105
1318.1126
1319.1121
1320.1122
1321.1123
1322.1125
1323.1128
1324.1124
1325.1121
1326.1119
1327.1120
1328.1127
1329.1121
1330.1124
1331.1126
1332.1126
1333.1126
1334.1120
1335.1123
1336.1120
1337.1120
1338.1122
1339.1123
1340.1236
1341.1125
1342.1129
1343.1121
1344.1122
1345.1136
1346.1121
1347.1121
1348.1127
1349.1127
1350.1127
1351.1129
1352.1119
1353.1120
1354.1122
1355.1122
1356.1120
1357.1126
1358.1126
1359.1127
1360.1123
1361.1123
1362.1121
1363.1123
1364.1120
1365.1130
1366.1127
1367.1127
1368.1122
1369.1120
1370.1122
1371.1233
1372.1122
1373.1121
1374.1126
1375.1131
1376.1131
1377.1121
1378.1121
1379.1120
1380.1122
1381.1200
1382.1119
1383.1126
1384.1126
1385.1165
1386.1127
1387.1121
1388.1107
1389.1123
1390.1122
1391.1129
1392.1118
1393.1123
1394.1121
1395.1119
1396.1121
1397.1119
1398.1123
1399.1119
1400.1129
1401.1126
1402.1119
1403.1123
1404.1120
1405.1121
1406.1121
1407.1120
1408.1127
1409.1136
1410.1124
1411.1126
1412.1121
1413.1118
1414.1119
1415.1121
1416.1122
1417.1126
1418.1126
1419.1127
1420.1126
1421.1123
1422.1069
1423.1124
1424.1122
1425.1127
1426.1125
1427.1115
1428.1121
1429.1119
1430.1119
1431.1123
1432.1095
1433.1117
1434.1127
1435.1126
1436.1127
1437.1113
1438.1121
1439.1127
1440.1120
1441.1123
1442.1121
1443.1131
1444.1126
1445.1130
1446.1123
1447.1121
1448.1119
1449.1121
1450.1122
1451.1131
1452.1127
1453.1130
1454.1115
1455.1120
1456.1124
1457.1119
1458.1120
1459.1120
1460.1130
1461.1131
1462.1130
1463.1121
1464.1116
1465.1119
1466.1120
1467.1122
1468.1126
1469.1127
1470.1129
1471.1130
1472.1123
1473.1122
1474.1120
1475.1120
1476.1120
1477.1127
1478.1127
1479.1127
1480.1123
1481.1121
1482.1121
1483.1119
1484.1307
1485.1126
1486.1121
1487.1127
1488.1125
1489.1119
1490.1122
1491.1123
1492.1121
1493.1168
1494.1129
1495.1129
1496.1127
1497.1121
1498.1120
1499.1121
1500.1119
1501.1123
1502.1123
1503.1123
1504.1121
1505.1122
1506.1120
1507.1123
1508.1119
1509.1120
1510.1121
1511.1127
1512.1128
1513.1127
1514.1121
1515.1110
1516.1130
1517.1121
1518.1123
1519.1119
1520.1127
1521.1127
1522.1126
1523.1118
1524.1104
1525.1141
1526.1122
1527.1120
1528.1125
1529.1130
1530.1129
1531.1130
1532.1117
1533.1122
1534.1119
1535.1118
1536.1118
1537.1127
1538.1126
1539.1126
1540.1123
1541.1123
1542.1119
1543.1122
1544.1122
1545.1126
1546.1126
1547.1126
1548.1122
1549.1119
1550.1119
1551.1122
1552.1121
1553.1118
1554.1129
1555.1129
1556.1130
1557.1120
1558.1122
1559.1165
1560.1121
1561.1121
1562.1118
1563.1126
1564.1232
1565.1131
1566.1122
1567.1122
1568.1124
1569.1259
1570.1122
1571.1126
1572.1130
1573.1127
1574.1119
1575.1123
1576.1120
1577.1123
1578.1119
1579.1139
1580.1131
1581.1127
1582.1127
1583.1121
1584.1122
1585.1119
1586.1124
1587.1120
1588.1127
1589.1127
1590.1125
1591.1123
1592.1122
1593.1121
1594.1122
1595.1123
1596.1120
1597.1127
1598.1126
1599.1128
1600.1122
1601.1121
1602.1124
1603.1120
1604.1121
1605.1131
1606.1126
1607.1129
1608.1130
1609.1121
1610.1122
1611.1123
1612.1125
1613.1131
1614.1123
1615.1127
1616.1129
1617.1125
1618.1130
1619.1127
1620.1137
1621.1126
1622.1117
1623.1151
1624.1127
1625.1126
1626.1119
1627.1123
1628.1123
1629.1120
1630.1123
1631.1101
1632.1121
1633.1125
1634.1122
1635.1122
1636.1121
1637.1122
1638.1123
1639.1122
1640.1131
1641.1121
1642.1126
1643.1120
1644.1122
1645.1159
1646.1121
1647.1122
1648.1126
1649.1125
1650.1125
1651.1040
1652.1121
1653.1119
1654.1121
1655.1122
1656.1123
1657.1147
1658.1129
1659.1125
1660.1119
1661.1237
1662.1119
1663.1122
1664.1122
1665.1129
1666.1125
1667.1101
1668.1129
1669.1118
1670.1118
1671.1121
1672.1120
1673.1123
1674.1126
1675.1127
1676.1216
1677.1121
1678.1121
1679.1119
1680.1120
1681.1010
1682.1122
1683.1127
1684.1119
1685.1127
1686.1121
1687.1122
1688.1121
1689.1136
1690.1123
1691.1130
1692.1125
1693.1125
1694.1122
1695.1114
1696.1121
1697.1122
1698.1120
1699.1119
1700.1125
1701.1125
1702.1126
1703.1120
1704.1120
1705.1120
1706.1119
1707.1121
1708.1129
1709.1126
1710.1132
1711.1131
1712.1127
1713.1119
1714.1119
1715.1097
1716.1120
1717.1123
1718.1125
1719.1127
1720.1121
1721.1125
1722.1168
1723.1120
1724.1122
1725.1125
1726.1127
1727.1127
1728.1123
1729.1120
1730.1122
1731.1119
1732.1121
1733.1123
1734.1126
1735.1122
1736.1127
1737.1121
1738.1126
1739.1127
1740.1125
1741.1123
1742.1123
1743.1126
1744.1103
1745.1126
1746.1120
1747.1120
1748.1122
1749.1121
1750.1119
1751.1128
1752.1129
1753.1125
1754.1221
1755.1121
1756.1120
1757.1119
1758.1120
1759.1125
1760.1125
1761.1127
1762.1119
1763.1121
1764.1114
1765.1118
1766.1121
1767.1116
1768.1123
1769.1126
1770.1125
1771.1127
1772.1118
1773.1121
1774.1120
1775.1120
1776.1121
1777.1130
1778.1127
1779.1127
1780.1121
1781.1126
1782.1120
1783.1120
1784.1121
1785.1029
1786.1130
1787.1126
1788.1129
1789.1123
1790.1122
1791.1121
1792.1125
1793.1131
1794.1125
1795.1134
1796.1128
1797.1120
1798.1117
1799.1121
1800.1120
1801.1121
1802.1124
1803.1122
1804.1129
1805.1127
1806.1123
1807.1121
1808.1122
1809.1121
1810.1120
1811.1126
1812.1125
1813.1127
1814.1127
1815.1141
1816.1120
1817.1122
1818.1121
1819.1121
1820.1126
1821.1125
1822.1125
1823.1118
1824.1120
1825.1122
1826.1121
1827.1119
1828.1129
1829.1127
1830.1126
1831.1120
1832.1120
1833.1121
1834.1121
1835.1119
1836.1134
1837.1124
1838.1127
1839.1127
1840.1120
1841.1122
1842.1120
1843.1120
1844.1119
1845.1127
1846.1135
1847.1129
1848.1128
1849.1122
1850.1123
1851.1119
1852.1120
1853.1110
1854.1127
1855.1129
1856.1127
1857.1119
1858.1121
1859.1121
1860.1123
1861.1120
1862.1104
1863.1123
1864.1126
1865.1129
1866.1121
1867.1122
1868.1120
1869.1122
1870.1122
1871.1126
1872.1126
1873.1126
1874.1119
1875.1120
1876.1121
1877.1119
1878.1125
1879.1141
1880.1125
1881.1126
1882.1127
1883.1121
1884.1121
1885.1118
1886.1121
1887.1117
1888.1128
1889.1125
1890.1126
1891.1122
1892.1124
1893.1122
1894.1123
1895.1123
1896.1121
1897.1127
1898.1167
1899.1121
1900.1121
1901.1120
1902.1122
1903.1119
1904.1121
1905.1126
1906.1128
1907.1126
1908.1125
1909.1122
1910.1122
1911.1118
1912.1118
1913.1121
1914.1125
1915.1127
1916.1127
1917.1119
1918.1123
1919.1118
1920.1120
1921.1122
1922.1122
1923.1128
1924.1131
1925.1129
1926.1122
1927.1131
1928.1122
1929.1121
1930.1122
1931.1127
1932.1129
1933.1128
1934.1120
1935.1119
1936.1122
1937.1120
1938.1121
1939.1119
1940.1127
1941.1126
1942.1127
1943.1123
1944.1123
1945.1123
1946.1127
1947.1127
1948.1129
1949.1130
1950.1127
1951.1127
1952.1118
1953.1127
1954.1118
1955.1123
1956.1127
1957.1125
1958.1125
1959.1125
1960.1120
1961.1135
1962.1229
1963.1122
1964.1121
1965.1127
1966.1126
1967.1127
1968.1123
1969.1125
1970.1121
1971.1122
1972.1099
1973.1123
1974.1123
1975.1127
1976.1127
1977.1122
1978.1119
1979.1119
1980.1121
1981.1123
1982.1123
1983.1126
1984.1125
1985.1136
1986.1119
1987.1123
1988.1119
1989.1133
1990.1122
1991.1127
1992.1147
1993.1125
1994.1081
1995.1120
1996.1121
1997.1121
1998.1121
1999.1119
2000.1127
2001.1127
2002.1129
2003.1121
2004.1125
2005.1122
2006.1120
2007.1121
2008.1131
2009.1129
2010.1110
2011.1127
2012.1123
2013.1117
2014.1122
2015.1122
2016.1118
2017.1125
2018.1124
2019.1127
2020.1120
2021.1121
2022.1119
2023.1102
2024.1121
2025.1126
2026.1131
2027.1127
2028.1127
2029.1122
2030.1122
2031.1120
2032.1121
2033.1121
2034.1127
2035.1126
2036.1127
2037.1123
2038.1121
2039.1121
2040.1122
2041.1121
2042.1128
2043.1131
2044.1126
2045.1127
2046.1120
2047.1118
2048.1119
2049.1119
2050.1120
2051.1130
2052.1126
2053.1133
2054.1122
2055.1121
2056.1121
2057.1121
2058.1123
2059.1122
2060.1126
2061.1127
2062.1127
2063.1113
2064.1037
2065.1121
2066.1121
2067.1122
2068.1124
2069.1126
2070.1125
2071.1126
2072.1116
2073.1120
2074.1122
2075.1120
2076.1120
2077.1123
2078.1127
2079.1077
2080.1125
2081.1128
2082.1121
2083.1122
2084.1120
2085.1126
2086.1125
2087.1129
2088.1127
2089.1119
2090.1120
2091.1118
2092.1121
2093.1122
2094.1231
2095.1127
2096.1123
2097.1120
2098.1122
2099.1122
2100.1121
2101.1121
2102.1132
2103.1129
2104.1127
2105.1039
2106.1121
2107.1119
2108.1120
2109.1119
2110.1125
2111.1129
2112.1127
2113.1125
2114.1121
2115.1111
2116.1121
2117.1122
2118.1122
2119.1120
2120.1126
2121.1125
2122.1127
2123.1119
2124.1120
2125.1125
2126.1147
2127.1121
2128.1123
2129.1127
2130.1131
2131.1130
2132.1121
2133.1120
2134.1124
2135.1121
2136.1124
2137.1133
2138.1126
2139.1126
2140.1121
2141.1121
2142.1122
2143.1118
2144.1121
2145.1126
2146.1126
2147.1150
2148.1126
2149.1119
2150.1120
2151.1121
2152.1117
2153.1121
2154.1131
2155.1127
2156.1125
2157.1257
2158.1121
2159.1123
2160.1120
2161.1119
2162.1121
2163.1125
2164.1126
2165.1125
2166.1121
2167.1119
2168.1120
2169.1120
2170.1120
2171.1125
2172.1127
2173.1127
2174.1120
2175.1118
2176.1122
2177.1118
2178.1119
2179.1118
2180.1125
2181.1126
2182.1122
2183.1123
2184.1161
2185.1120
2186.1121
2187.1118
2188.1104
2189.1119
2190.1127
2191.1127
2192.1132
2193.1129
2194.1069
2195.1127
2196.1121
2197.1129
2198.1189
2199.1125
2200.1121
2201.1120
2202.1120
2203.1121
2204.1120
2205.1131
2206.1125
2207.1127
2208.1131
2209.1121
2210.1118
2211.1121
2212.1121
2213.1124
2214.1129
2215.1127
2216.1127
2217.1124
2218.1119
2219.1081
2220.1120
2221.1121
2222.1119
2223.1129
2224.1126
2225.1149
2226.1119
2227.1119
2228.1122
2229.1119
2230.1121
2231.1127
2232.1129
2233.1127
2234.1129
2235.1120
2236.1122
2237.1122
2238.1121
2239.1120
2240.1136
2241.1106
2242.1107
2243.1120
2244.1115
2245.1120
2246.1119
2247.1118
2248.1124
2249.1124
2250.1072
2251.1124
2252.1131
2253.1126
2254.1120
2255.1071
2256.1119
2257.1125
2258.1126
2259.1125
2260.1120
2261.1119
2262.1121
2263.1122
2264.1118
2265.1130
2266.1127
2267.1127
2268.1126
2269.1121
2270.1037
2271.1120
2272.1122
2273.1121
2274.1126
2275.1125
2276.1130
2277.1126
2278.1127
2279.1126
2280.1106
2281.1118
2282.1119
2283.1119
2284.1121
2285.1125
2286.1118
2287.1119
2288.1090
2289.1119
2290.1110
2291.990
2292.1118
2293.1127
2294.1127
2295.1124
2296.1120
2297.1121
2298.1122
2299.1120
2300.1127
2301.1142
2302.1119
2303.1120
2304.1121
2305.1121
2306.1120
2307.1122
2308.1125
2309.1125
2310.1125
2311.1111
2312.1119
2313.1120
2314.1119
2315.1120
2316.1119
2317.1125
2318.1126
2319.1123
2320.1115
2321.1120
2322.1106
2323.1119
2324.1120
2325.1126
2326.1130
2327.1129
2328.1127
2329.1121
2330.1122
2331.1119
2332.1119
2333.1119
2334.1129
2335.1129
2336.1126
2337.1120
2338.1119
2339.1120
2340.1121
2341.1119
2342.1120
2343.1119
2344.1125
2345.1054
2346.1122
2347.1119
2348.1118
2349.1119
2350.1105
2351.1127
2352.1122
2353.1129
2354.1120
2355.1092
2356.1122
2357.1118
2358.1120
2359.1119
2360.1123
2361.1127
2362.1126
2363.1119
2364.1118
2365.1136
2366.1119
2367.1122
2368.1126
2369.1123
2370.1125
2371.1125
2372.1122
2373.1118
2374.1118
2375.1122
2376.1121
2377.1126
2378.1127
2379.1127
2380.1126
2381.1125
2382.1125
2383.1123
2384.1123
2385.1122
2386.1055
2387.1126
2388.1123
2389.1123
2390.1126
2391.1122
2392.1122
2393.1121
2394.1125
2395.1125
2396.1134
2397.1125
2398.1125
2399.1127
2400.1126
2401.1127
2402.1116
2403.1118
2404.1124
2405.1119
2406.1115
2407.1130
2408.1121
2409.1118
2410.1120
2411.1130
2412.1129
2413.1129
2414.1127
2415.1121
2416.1038
2417.1123
2418.1131
2419.1120
2420.1127
2421.1130
2422.1127
2423.1044
2424.1120
2425.1119
2426.1107
2427.1119
2428.1127
2429.1125
2430.1126
2431.1125
2432.1122
2433.1115
2434.1121
2435.1118
2436.1121
2437.1126
2438.1125
2439.1126
2440.1121
2441.1120
2442.1120
2443.1121
2444.1121
2445.1131
2446.1136
2447.1046
2448.1135
2449.1122
2450.1120
2451.1125
2452.1122
2453.1121
2454.1127
2455.1127
2456.1126
2457.1120
2458.1118
2459.1123
2460.1120
2461.1126
2462.1121
2463.1126
2464.1130
2465.1134
2466.1157
2467.1119
2468.1122
2469.1123
2470.1121
2471.1129
2472.1127
2473.1127
2474.1131
2475.1127
2476.1121
2477.1115
2478.1121
2479.1121
2480.1127
2481.1127
2482.1123
2483.1124
2484.1122
2485.1120
2486.1120
2487.1117
2488.1121
2489.1125
2490.1127
2491.1121
2492.1121
2493.1120
2494.1120
2495.1119
2496.1122
2497.1125
2498.1127
2499.1124
2500.1119
2501.1219
2502.1120
2503.1118
2504.1120
2505.1126
2506.1127
2507.1126
2508.1127
2509.1119
2510.1121
2511.1121
2512.1121
2513.1120
2514.1123
2515.1129
2516.1123
2517.1123
2518.1114
2519.1121
2520.1122
2521.1121
2522.1121
2523.1119
2524.1123
2525.1127
2526.1120
2527.1122
2528.1121
2529.1143
2530.1120
2531.1127
2532.1127
2533.1127
2534.1120
2535.1120
2536.1121
2537.1120
2538.1120
2539.1142
2540.1126
2541.1130
2542.1127
2543.1127
2544.1123
2545.1125
2546.1123
2547.1104
2548.1128
2549.1121
2550.1123
2551.1119
2552.1136
2553.1121
2554.1120
2555.1123
2556.1121
2557.1124
2558.1127
2559.1093
2560.1120
2561.1121
2562.1121
2563.1121
2564.1119
2565.1127
2566.1127
2567.1131
2568.1127
2569.1072
2570.1123
2571.1122
2572.1120
2573.1122
2574.1126
2575.1128
2576.1127
2577.1120
2578.1122
2579.1143
2580.1121
2581.1123
2582.1120
2583.1131
2584.1125
2585.1128
2586.1124
2587.1123
2588.1121
2589.1125
2590.1105
2591.1125
2592.1128
2593.1127
2594.1121
2595.1119
2596.1123
2597.1120
2598.1122
2599.1091
2600.1136
2601.1127
2602.1125
2603.1120
2604.1119
2605.1125
2606.1118
2607.1122
2608.1126
2609.1126
2610.1104
2611.1129
2612.1119
2613.1121
2614.1121
2615.1119
2616.1122
2617.1127
2618.1124
2619.1125
2620.1120
2621.1119
2622.1119
2623.1119
2624.1119
2625.1127
2626.1065
2627.1126
2628.1125
2629.1120
2630.978
2631.1121
2632.1083
2633.1121
2634.1127
2635.1130
2636.1129
2637.1121
2638.1123
2639.1118
2640.1125
2641.1120
2642.1109
2643.1118
2644.1126
2645.1137
2646.1120
2647.1120
2648.1136
2649.1121
2650.1067
2651.1124
2652.1123
2653.1125
2654.1122
2655.1122
2656.1140
2657.1122
2658.1121
2659.1119
2660.1130
2661.1125
2662.1125
2663.1119
2664.1120
2665.1119
2666.1121
2667.1121
2668.1127
2669.1126
2670.1126
2671.1117
2672.1121
2673.1119
2674.1121
2675.1119
2676.1120
2677.1127
2678.1126
2679.1129
2680.1074
2681.1121
2682.1119
2683.1119
2684.1117
2685.1127
2686.1126
2687.1127
2688.1127
2689.1120
2690.1113
2691.997
2692.1121
2693.1119
2694.1127
2695.1126
2696.1126
2697.1120
2698.1120
2699.1123
2700.1089
2701.1122
2702.1121
2703.1119
2704.1127
2705.1129
2706.1123
2707.1122
2708.1121
2709.1122
2710.1104
2711.1128
2712.1127
2713.1126
2714.1122
2715.1121
2716.1121
2717.1120
2718.1119
2719.1120
2720.1129
2721.1126
2722.1130
2723.1122
2724.1125
2725.1121
2726.1121
2727.1121
2728.1126
2729.1128
2730.1127
2731.1130
2732.1145
2733.1119
2734.1119
2735.1118
2736.1122
2737.1125
2738.1129
2739.1126
2740.1115
2741.1122
2742.1122
2743.1125
2744.1088
2745.1119
2746.1127
2747.1126
2748.1127
2749.1117
2750.1119
2751.1121
2752.1120
2753.1117
2754.1125
2755.1131
2756.1126
2757.1130
2758.1125
2759.1125
2760.1127
2761.1127
2762.1094
2763.1126
2764.1127
2765.1129
2766.1121
2767.1120
2768.1119
2769.1122
2770.1106
2771.1130
2772.1128
2773.1111
2774.1120
2775.1120
2776.1116
2777.1122
2778.1119
2779.1120
2780.1125
2781.1126
2782.1125
2783.1121
2784.1120
2785.1216
2786.1111
2787.1120
2788.1127
2789.1127
2790.1129
2791.1131
2792.1122
2793.1121
2794.1118
2795.1125
2796.1122
2797.1128
2798.1128
2799.1123
2800.1118
2801.1119
2802.1121
2803.1117
2804.1120
2805.1154
2806.1087
2807.1125
2808.1119
2809.1120
2810.1121
2811.1121
2812.1123
2813.1122
2814.1127
2815.1127
2816.1137
2817.1125
2818.1122
2819.1119
2820.1120
2821.1123
2822.1111
2823.1121
2824.1126
2825.1126
2826.1121
2827.1120
2828.1119
2829.1121
2830.1120
2831.1127
2832.1126
2833.1118
2834.1120
2835.1120
2836.1182
2837.1120
2838.1120
2839.1120
2840.1129
2841.1126
2842.1127
2843.1122
2844.1120
2845.1119
2846.1156
2847.1119
2848.1126
2849.1127
2850.1123
2851.1097
2852.1119
2853.1120
2854.1121
2855.1123
2856.1119
2857.1129
2858.1124
2859.1121
2860.1122
2861.1120
2862.1120
2863.1121
2864.1119
2865.1127
2866.1127
2867.1127
2868.1129
2869.1122
2870.1121
2871.1121
2872.1119
2873.1120
2874.1128
2875.1126
2876.1126
2877.1121
2878.1121
2879.1121
2880.1118
2881.1121
2882.1122
2883.1125
2884.1125
2885.1125
2886.1120
2887.1107
2888.1121
2889.1122
2890.1162
2891.1129
2892.1129
2893.1127
2894.1130
2895.1121
2896.1119
2897.1119
2898.1120
2899.1119
2900.1126
2901.1126
2902.1129
2903.1110
2904.1125
2905.1122
2906.1124
2907.1105
2908.1127
2909.1127
2910.1126
2911.1125
2912.1119
2913.1121
2914.1119
2915.1118
2916.1117
2917.1125
2918.1129
2919.1126
2920.1122
2921.1123
2922.1123
2923.1122
2924.1122
2925.1123
2926.1127
2927.1126
2928.1128
2929.1104
2930.1120
2931.1118
2932.1123
2933.1121
2934.1129
2935.1129
2936.1129
2937.1121
2938.1121
2939.1122
2940.1167
2941.1120
2942.1127
2943.1122
2944.1130
2945.1129
2946.1119
2947.1093
2948.1121
2949.1120
2950.1072
2951.1126
2952.1123
2953.1126
2954.1122
2955.1121
2956.1119
2957.1126
2958.1074
2959.1120
2960.1129
2961.1162
2962.1121
2963.1125
2964.1123
2965.1125
2966.1126
2967.1127
2968.1126
2969.1127
2970.1126
2971.1100
2972.1123
2973.1050
2974.1118
2975.1119
2976.1117
2977.1125
2978.1125
2979.1126
2980.1119
2981.1125
2982.1119
2983.1115
2984.1119
2985.1126
2986.1123
2987.1125
2988.1124
2989.1122
2990.1123
2991.1135
2992.1120
2993.1115
2994.1130
2995.1126
2996.1126
2997.1120
2998.1122
2999.1121
3000.1120
3001.1093
3002.1116
3003.1120
3004.1126
3005.1129
3006.1119
3007.1121
3008.1120
3009.1157
3010.1121
3011.1127
3012.1123
3013.1126
3014.1126
3015.1126
3016.1123
3017.1126
3018.1125
3019.1119
3020.1122
3021.1125
3022.976
3023.1131
3024.1122
3025.1125
3026.1125
3027.1127
3028.1126
3029.1126
3030.1125
3031.1127
3032.1129
3033.1126
3034.1119
3035.1118
3036.1120
3037.1125
3038.1127
3039.1127
3040.1122
3041.1121
3042.1139
3043.1121
3044.1121
3045.1126
3046.1125
3047.1125
3048.1127
3049.1081
3050.1120
3051.1121
3052.1131
3053.1120
3054.1123
3055.1130
3056.1125
3057.1123
3058.1121
3059.1119
3060.1122
3061.1120
3062.1119
3063.1129
3064.1121
3065.1126
3066.1125
3067.1119
3068.1120
3069.1123
3070.1170
3071.1127
3072.1125
3073.1123
3074.1122
3075.1117
3076.1122
3077.1121
3078.1118
3079.1120
3080.1125
3081.1126
3082.1127
3083.1120
3084.1105
3085.1118
3086.1119
3087.1118
3088.1129
3089.1124
3090.1129
3091.1130
3092.1119
3093.1086
3094.1120
3095.1122
3096.1121
3097.1126
3098.1126
3099.1127
3100.1118
3101.1123
3102.1121
3103.1120
3104.1121
3105.1125
3106.1123
3107.1127
3108.1127
3109.1122
3110.1118
3111.1122
3112.1120
3113.1104
3114.1127
3115.1126
3116.1126
3117.1121
3118.1117
3119.1123
3120.1120
3121.1121
3122.1114
3123.1120
3124.1130
3125.1121
3126.1123
3127.1164
3128.1124
3129.1119
3130.1099
3131.1126
3132.1127
3133.1125
3134.1120
3135.1119
3136.1122
3137.1201
3138.1120
3139.1121
3140.1126
3141.1127
3142.1127
3143.1121
3144.1125
3145.1122
3146.1122
3147.1117
3148.1129
3149.1136
3150.1126
3151.1120
3152.1120
3153.1120
3154.1121
3155.1121
3156.1119
3157.1126
3158.1130
3159.1115
3160.1121
3161.1119
3162.1121
3163.1120
3164.1121
3165.1125
3166.1128
3167.1126
3168.1123
3169.1122
3170.1120
3171.1117
3172.1120
3173.1121
3174.1126
3175.1126
3176.1127
3177.1119
3178.1121
3179.1121
3180.1118
3181.1120
3182.1119
3183.1214
3184.1118
3185.1122
3186.1121
3187.1120
3188.1099
3189.1118
3190.1137
3191.1126
3192.1125
3193.1127
3194.1118
3195.1108
3196.1091
3197.1119
3198.1119
3199.1113
3200.1124
3201.1127
3202.1131
3203.1126
3204.1121
3205.1123
3206.1122
3207.1136
3208.1131
3209.1088
3210.1126
3211.1131
3212.1123
3213.1123
3214.1122
3215.1121
3216.1117
3217.1130
3218.1121
3219.1127
3220.1053
3221.1121
3222.1127
3223.1121
3224.1115
3225.1127
3226.1129
3227.1127
3228.1127
3229.1123
3230.1117
3231.1121
3232.1119
3233.1120
3234.1125
3235.1124
3236.1126
3237.1118
3238.1122
3239.1120
3240.1120
3241.1116
3242.1118
3243.1119
3244.1127
3245.1124
3246.1123
3247.1117
3248.1119
3249.1120
3250.1121
3251.1126
3252.1127
3253.1127
3254.1118
3255.1112
3256.1121
3257.1119
3258.1121
3259.1122
3260.1126
3261.1126
3262.1129
3263.1122
3264.1121
3265.1119
3266.1122
3267.1121
3268.1127
3269.1127
3270.1129
3271.1127
3272.1122
3273.1107
3274.1120
3275.1124
3276.1126
3277.1164
3278.1129
3279.1126
3280.1120
3281.1118
3282.1122
3283.1121
3284.1122
3285.1129
3286.1129
3287.1125
3288.1122
3289.1123
3290.1121
3291.1121
3292.1118
3293.1122
3294.1126
3295.1127
3296.1109
3297.1119
3298.1119
3299.1241
3300.1119
3301.1059
3302.1125
3303.1125
3304.1123
3305.1125
3306.1121
3307.1121
3308.1120
3309.1120
3310.1122
3311.1128
3312.1126
3313.1130
3314.1127
3315.1120
3316.1121
3317.1121
3318.1121
3319.1123
3320.1126
3321.1127
3322.1127
3323.1094
3324.1120
3325.1121
3326.1122
3327.1119
3328.1129
3329.1129
3330.1129
3331.1131
3332.1119
3333.1122
3334.1121
3335.1123
3336.1121
3337.1127
3338.1129
3339.1127
3340.1152
3341.1120
3342.1124
3343.1121
3344.1121
3345.1126
3346.1125
3347.1126
3348.1126
3349.1121
3350.1078
3351.1120
3352.1118
3353.1120
3354.1126
3355.1127
3356.1126
3357.1120
3358.1121
3359.1121
3360.974
3361.1126
3362.1125
3363.1125
3364.1129
3365.1174
3366.1120
3367.1121
3368.1117
3369.1106
3370.1121
3371.1127
3372.1125
3373.1126
3374.1110
3375.1120
3376.1121
3377.1118
3378.1119
3379.1120
3380.1126
3381.1123
3382.1127
3383.1118
3384.1125
3385.1120
3386.1121
3387.1088
3388.1123
3389.1127
3390.1114
3391.1128
3392.1143
3393.1120
3394.1089
3395.1123
3396.1125
3397.1129
3398.1127
3399.1127
3400.1123
3401.1120
3402.1123
3403.1121
3404.1120
3405.1127
3406.1125
3407.1127
3408.1127
3409.1119
3410.1120
3411.1119
3412.1120
3413.1131
3414.1129
3415.1127
3416.1127
3417.1120
3418.1117
3419.1084
3420.1113
3421.1119
3422.1119
3423.1123
3424.1123
3425.1129
3426.1119
3427.1122
3428.1122
3429.1119
3430.1119
3431.1129
3432.1130
3433.1131
3434.1120
3435.1121
3436.1122
3437.1121
3438.1120
3439.1107
3440.1130
3441.1130
3442.1129
3443.1122
3444.1121
3445.1122
3446.1105
3447.1121
3448.1127
3449.1253
3450.1129
3451.1128
3452.1121
3453.1121
3454.1119
3455.1121
3456.1120
3457.1127
3458.1127
3459.1073
3460.1120
3461.1118
3462.1121
3463.1120
3464.1122
3465.1134
3466.1126
3467.1125
3468.1104
3469.1126
3470.1121
3471.1122
3472.1122
3473.1121
3474.1126
3475.1127
3476.1131
3477.1124
3478.1122
3479.1123
3480.1120
3481.1121
3482.1119
3483.1125
3484.1126
3485.1127
3486.1121
3487.1123
3488.1119
3489.1120
3490.1121
3491.1131
3492.1130
3493.1130
3494.1121
3495.1120
3496.1122
3497.1121
3498.1122
3499.1119
3500.1181
3501.1125
3502.1123
3503.1122
3504.1122
3505.1120
3506.1121
3507.1122
3508.1129
3509.1126
3510.1122
3511.1126
3512.1126
3513.1121
3514.1122
3515.1163
3516.1121
3517.1127
3518.1126
3519.1129
3520.1199
3521.1126
3522.1121
3523.1054
3524.1120
3525.1129
3526.1127
3527.1130
3528.1131
3529.1172
3530.1136
3531.1131
3532.1121
3533.1122
3534.1129
3535.1125
3536.1127
3537.1119
3538.1120
3539.1127
3540.1119
3541.1119
3542.1105
3543.1122
3544.1129
3545.1125
3546.1127
3547.1126
3548.1126
3549.1062
3550.1130
3551.1126
3552.1125
3553.1126
3554.1125
3555.1123
3556.1125
3557.1126
3558.1125
3559.1117
3560.1124
3561.1126
3562.1125
3563.1126
3564.1125
3565.1124
3566.1123
3567.1126
3568.1136
3569.1125
3570.1120
3571.1122
3572.1118
3573.1136
3574.1119
3575.1118
3576.1119
3577.1125
3578.1055
3579.1124
3580.1119
3581.1072
3582.1121
3583.1118
3584.1122
3585.1069
3586.1128
3587.1155
3588.1126
3589.1119
3590.1069
3591.1115
3592.1120
3593.1121
3594.1126
3595.1126
3596.1127
3597.1120
3598.1182
3599.1119
3600.1120
3601.1118
3602.1120
3603.1127
3604.1121
3605.1129
3606.1120
3607.1121
3608.1113
3609.1119
3610.1122
3611.1125
3612.1126
3613.1125
3614.1111
3615.1121
3616.1126
3617.1117
3618.1121
3619.1119
3620.1130
3621.1130
3622.1125
3623.1186
3624.1123
3625.1115
3626.971
3627.1123
3628.1127
3629.1127
3630.1129
3631.1127
3632.1107
3633.1120
3634.1123
3635.1120
3636.1084
3637.1126
3638.1126
3639.1133
3640.1120
3641.1120
3642.1120
3643.1118
3644.1121
3645.1126
3646.1126
3647.1127
3648.1129
3649.1120
3650.1119
3651.1117
3652.1121
3653.1120
3654.1125
3655.1113
3656.1125
3657.1120
3658.1119
3659.1119
3660.1119
3661.1120
3662.1229
3663.1125
3664.1125
3665.1126
3666.1120
3667.1122
3668.1119
3669.1119
3670.1170
3671.1126
3672.1122
3673.1126
3674.1127
3675.1023
3676.1123
3677.1120
3678.1118
3679.1121
3680.1123
3681.1127
3682.1129
3683.1122
3684.1119
3685.1232
3686.1152
3687.1120
3688.1133
3689.1127
3690.1126
3691.1121
3692.1122
3693.1119
3694.1119
3695.1122
3696.1120
3697.1130
3698.1127
3699.1126
3700.1123
3701.1123
3702.1123
3703.1119
3704.1143
3705.1129
3706.1126
3707.1067
3708.1122
3709.1121
3710.1119
3711.1121
3712.1119
3713.1119
3714.1037
3715.1123
3716.1127
3717.1119
3718.1122
3719.1121
3720.1119
3721.1117
3722.1121
3723.1127
3724.1193
3725.1127
3726.1119
3727.1122
3728.1121
3729.1120
3730.1119
3731.1129
3732.1126
3733.1130
3734.1130
3735.1123
3736.1119
3737.1121
3738.1111
3739.1121
3740.1087
3741.1126
3742.1074
3743.1120
3744.1122
3745.1120
3746.1121
3747.1121
3748.1111
3749.1127
3750.1143
3751.1129
3752.1118
3753.1123
3754.1123
3755.1120
3756.1122
3757.1125
3758.1126
3759.1127
3760.1121
3761.1218
3762.1118
3763.1121
3764.1121
3765.1127
3766.1126
3767.1131
3768.1131
3769.1119
3770.1122
3771.1118
3772.1135
3773.1122
3774.1127
3775.1126
3776.1126
3777.1119
3778.1121
3779.1118
3780.1120
3781.1088
3782.1126
3783.1129
3784.1127
3785.1127
3786.1123
3787.1121
3788.1122
3789.1123
3790.1120
3791.1130
3792.1130
3793.1134
3794.1123
3795.1121
3796.1122
3797.1123
3798.1121
3799.1120
3800.1122
3801.1130
3802.1127
3803.1122
3804.1121
3805.1119
3806.1119
3807.1104
3808.1126
3809.1132
3810.1101
3811.1124
3812.1123
3813.1119
3814.1120
3815.1119
3816.1121
3817.1126
3818.1120
3819.1082
3820.1123
3821.1122
3822.1121
3823.1121
3824.1075
3825.1131
3826.1126
3827.1127
3828.1130
3829.1120
3830.1121
3831.1119
3832.1122
3833.1122
3834.1126
3835.1129
3836.1125
3837.1119
3838.1119
3839.1122
3840.1120
3841.1122
3842.1122
3843.1127
3844.1130
3845.1125
3846.1121
3847.1121
3848.1119
3849.1121
3850.1125
3851.1127
3852.1127
3853.1127
3854.1119
3855.1120
3856.1120
3857.1119
3858.1121
3859.1129
3860.1126
3861.1125
3862.1126
3863.1115
3864.1116
3865.1123
3866.1122
3867.1120
3868.1127
3869.1127
3870.1124
3871.1126
3872.1120
3873.1117
3874.1107
3875.1119
3876.1120
3877.1125
3878.1124
3879.1119
3880.1119
3881.1121
3882.1120
3883.1118
3884.1111
3885.1127
3886.1125
3887.1129
3888.1129
3889.1136
3890.1120
3891.1120
3892.1122
3893.1119
3894.1125
3895.1126
3896.1127
3897.1119
3898.1120
3899.1122
3900.1122
3901.1121
3902.1119
3903.1121
3904.1051
3905.1127
3906.1122
3907.1121
3908.1126
3909.1120
3910.1122
3911.1127
3912.1127
3913.1126
3914.1121
3915.1121
3916.1121
3917.1105
3918.1122
3919.1128
3920.1126
3921.1126
3922.1125
3923.1115
3924.1123
3925.1121
3926.1121
3927.1120
3928.1126
3929.1127
3930.1126
3931.1097
3932.1103
3933.1105
3934.1123
3935.1120
3936.1120
3937.1187
3938.1126
3939.1127
3940.1124
3941.1126
3942.1120
3943.1123
3944.1121
3945.1127
3946.1125
3947.1129
3948.1126
3949.1124
3950.1121
3951.1121
3952.1119
3953.1119
3954.1127
3955.1126
3956.1127
3957.1122
3958.1114
3959.1118
3960.1120
3961.1123
3962.1118
3963.1127
3964.1127
3965.1132
3966.1121
3967.1117
3968.1120
3969.1121
3970.1119
3971.1126
3972.1129
3973.1124
3974.1121
3975.1040
3976.1187
3977.1121
3978.1120
3979.1121
3980.1126
3981.1131
3982.1127
3983.1122
3984.1120
3985.1107
3986.1107
3987.1122
3988.1129
3989.1129
3990.1126
3991.1130
3992.1122
3993.1127
3994.1122
3995.1008
3996.1120
3997.1129
3998.1131
3999.1130
4000.1121
4001.1122
4002.1127
4003.1122
4004.1126
4005.1139
4006.1126
4007.1130
4008.1126
4009.1119
4010.1122
4011.1119
4012.1125
4013.1122
4014.1121
4015.1125
4016.1130
4017.1126
4018.1109
4019.1136
4020.1133
4021.1129
4022.1122
4023.1128
4024.1127
4025.1126
4026.1126
4027.1125
4028.1127
4029.1126
4030.1126
4031.1125
4032.1129
4033.1125
4034.1117
4035.1124
4036.1128
4037.1126
4038.1125
4039.1120
4040.1125
4041.1123
4042.1125
4043.1125
4044.1018
4045.1125
4046.1128
4047.1124
4048.1126
4049.1124
4050.1122
4051.1127
4052.1113
4053.1125
4054.1138
4055.1104
4056.1119
4057.1126
4058.1127
4059.1127
4060.1121
4061.1122
4062.1119
4063.986
4064.1119
4065.1143
4066.1127
4067.1129
4068.1125
4069.1179
4070.1123
4071.1121
4072.1119
4073.1120
4074.1120
4075.1127
4076.1127
4077.1122
4078.1122
4079.1121
4080.1121
4081.1121
4082.1123
4083.1129
4084.1171
4085.1122
4086.1122
4087.1121
4088.1122
4089.1123
4090.1090
4091.1127
4092.1129
4093.1126
4094.1129
4095.1122
4096.1123
4097.1122
4098.1120
4099.1122
4100.1131
4101.1130
4102.1075
4103.1123
4104.1122
4105.1121
4106.1122
4107.1121
4108.1129
4109.1130
4110.1126
4111.1131
4112.1123
4113.1123
4114.1127
4115.1119
4116.1122
4117.1127
4118.1126
4119.1128
4120.1122
4121.1110
4122.1123
4123.1123
4124.1121
4125.1126
4126.1129
4127.1127
4128.1127
4129.1119
4130.1121
4131.1119
4132.1116
4133.1121
4134.1123
4135.1125
4136.1126
4137.1118
4138.1120
4139.1119
4140.1121
4141.1122
4142.1120
4143.1126
4144.1127
4145.1141
4146.1122
4147.1122
4148.1119
4149.1121
4150.1123
4151.1126
4152.1130
4153.1126
4154.1121
4155.1121
4156.1126
4157.1123
4158.1122
4159.1122
4160.1127
4161.1127
4162.1129
4163.1123
4164.1119
4165.1120
4166.1118
4167.1119
4168.1129
4169.1125
4170.1107
4171.1119
4172.1119
4173.1121
4174.1127
4175.1121
4176.1123
4177.1131
4178.1129
4179.1125
4180.1125
4181.1119
4182.1121
4183.1143
4184.1123
4185.1129
4186.1126
4187.1127
4188.1127
4189.1082
4190.1120
4191.1093
4192.1122
4193.1156
4194.1125
4195.1129
4196.1130
4197.1119
4198.1119
4199.1047
4200.1122
4201.1120
4202.1123
4203.1090
4204.1126
4205.1123
4206.1121
4207.1120
4208.1125
4209.1121
4210.1120
4211.1129
4212.1127
4213.1124
4214.1122
4215.1122
4216.1122
4217.1121
4218.1121
4219.1123
4220.1127
4221.1128
4222.1124
4223.1123
4224.1119
4225.1123
4226.1121
4227.1123
4228.1127
4229.1130
4230.1126
4231.1122
4232.1121
4233.1125
4234.1121
4235.1123
4236.1121
4237.1129
4238.1125
4239.1127
4240.1121
4241.1123
4242.1121
4243.1122
4244.1121
4245.1127
4246.1126
4247.1126
4248.1120
4249.1120
4250.1120
4251.1125
4252.1119
4253.1122
4254.1126
4255.1127
4256.1127
4257.1119
4258.1119
4259.1136
4260.1121
4261.1143
4262.1090
4263.1128
4264.1123
4265.1129
4266.1118
4267.1121
4268.1122
4269.1119
4270.1122
4271.1051
4272.1142
4273.1129
4274.1121
4275.1121
4276.1115
4277.1121
4278.1119
4279.1120
4280.1123
4281.1075
4282.1124
4283.1120
4284.1119
4285.1119
4286.1121
4287.1121
4288.1129
4289.1125
4290.1127
4291.1195
4292.1121
4293.1121
4294.1121
4295.1121
4296.1121
4297.1129
4298.1127
4299.1133
4300.1106
4301.1120
4302.1124
4303.1122
4304.1227
4305.1129
4306.1127
4307.1129
4308.1123
4309.1122
4310.1121
4311.1121
4312.1120
4313.1122
4314.1126
4315.1127
4316.1128
4317.1122
4318.1122
4319.1122
4320.1121
4321.1120
4322.1238
4323.1136
4324.1129
4325.1131
4326.1123
4327.1121
4328.1122
4329.1119
4330.1121
4331.1125
4332.1126
4333.1126
4334.1119
4335.1119
4336.1120
4337.1122
4338.1119
4339.1119
4340.1129
4341.1129
4342.1137
4343.1122
4344.1120
4345.1121
4346.1122
4347.1122
4348.1126
4349.1127
4350.1128
4351.1127
4352.1119
4353.1121
4354.1121
4355.1135
4356.1120
4357.1125
4358.1129
4359.1127
4360.1121
4361.1122
4362.1120
4363.1122
4364.1119
4365.1125
4366.1127
4367.1128
4368.1137
4369.1123
4370.1120
4371.1118
4372.1118
4373.1121
4374.1127
4375.1127
4376.1129
4377.1122
4378.1120
4379.1123
4380.1123
4381.1123
4382.1121
4383.1129
4384.1127
4385.1126
4386.1121
4387.1122
4388.1124
4389.1121
4390.1170
4391.1126
4392.1130
4393.1126
4394.1120
4395.1121
4396.1119
4397.1122
4398.1120
4399.1121
4400.1130
4401.1129
4402.1127
4403.1120
4404.1119
4405.1120
4406.1120
4407.1104
4408.1127
4409.1127
4410.1123
4411.1117
4412.1119
4413.1126
4414.1120
4415.1121
4416.1121
4417.1127
4418.1127
4419.1130
4420.1121
4421.1122
4422.1124
4423.1121
4424.1123
4425.1127
4426.1128
4427.1127
4428.1119
4429.1120
4430.1120
4431.1121
4432.1120
4433.1121
4434.1126
4435.1126
4436.1125
4437.1121
4438.1120
4439.1133
4440.1123
4441.1121
4442.1123
4443.1126
4444.1081
4445.1129
4446.1119
4447.1119
4448.1121
4449.1120
4450.1121
4451.1131
4452.1155
4453.1122
4454.1122
4455.1122
4456.1122
4457.1121
4458.1123
4459.1122
4460.1130
4461.1175
4462.1168
4463.1122
4464.1121
4465.1121
4466.1123
4467.1121
4468.1127
4469.1127
4470.1129
4471.1131
4472.1107
4473.1123
4474.1124
4475.1122
4476.1121
4477.1129
4478.1126
4479.1129
4480.1120
4481.1108
4482.1135
4483.1121
4484.1122
4485.1122
4486.1126
4487.1125
4488.1125
4489.1120
4490.1123
4491.1126
4492.1057
4493.1120
4494.1126
4495.1128
4496.1126
4497.1121
4498.1119
4499.1187
4500.1120
4501.1121
4502.1125
4503.1126
4504.1127
4505.1127
4506.1120
4507.1121
4508.1119
4509.1122
4510.1122
4511.1127
4512.1127
4513.1129
4514.1121
4515.1120
4516.1108
4517.1122
4518.1120
4519.1121
4520.1129
4521.1129
4522.1129
4523.1122
4524.1131
4525.1122
4526.1121
4527.1121
4528.1127
4529.1127
4530.1127
4531.1121
4532.1110
4533.1127
4534.1121
4535.1122
4536.1122
4537.1126
4538.1126
4539.1134
4540.1121
4541.1121
4542.1119
4543.1119
4544.1122
4545.1128
4546.1126
4547.1130
4548.1129
4549.1119
4550.1123
4551.1122
4552.1123
4553.1122
4554.1129
4555.1131
4556.1135
4557.1123
4558.1120
4559.1123
4560.1122
4561.1121
4562.1119
4563.1131
4564.1123
4565.1131
4566.1121
4567.1119
4568.1123
4569.1122
4570.1122
4571.1127
4572.1125
4573.1130
4574.1120
4575.1123
4576.1122
4577.1123
4578.1110
4579.1122
4580.1126
4581.1127
4582.1127
4583.1119
4584.1121
4585.1122
4586.1121
4587.1077
4588.1127
4589.1129
4590.1130
4591.1130
4592.1109
4593.1121
4594.1123
4595.1120
4596.1122
4597.1129
4598.1127
4599.1129
4600.1121
4601.1123
4602.1120
4603.1122
4604.1118
4605.1129
4606.1125
4607.1126
4608.1118
4609.1120
4610.1122
4611.1119
4612.1120
4613.1121
4614.1129
4615.1154
4616.1127
4617.1120
4618.1123
4619.1122
4620.1122
4621.1122
4622.1122
4623.1126
4624.1129
4625.1129
4626.1120
4627.1121
4628.1121
4629.1122
4630.1120
4631.1126
4632.1129
4633.1125
4634.1122
4635.1067
4636.1119
4637.1057
4638.1119
4639.1120
4640.1125
4641.1129
4642.1126
4643.1142
4644.1121
4645.1099
4646.1111
4647.1119
4648.1126
4649.1129
4650.1125
4651.1130
4652.1123
4653.1127
4654.1119
4655.1123
4656.1125
4657.1127
4658.1129
4659.1129
4660.1204
4661.1122
4662.1121
4663.1121
4664.1119
4665.1129
4666.1125
4667.1130
4668.1127
4669.1123
4670.1121
4671.1122
4672.1124
4673.1125
4674.1131
4675.1129
4676.1130
4677.1123
4678.1123
4679.1120
4680.1123
4681.1123
4682.1123
4683.1127
4684.1130
4685.1126
4686.1123
4687.1122
4688.1122
4689.1122
4690.1124
4691.1129
4692.1127
4693.1131
4694.1121
4695.1125
4696.1123
4697.1122
4698.1123
4699.1122
4700.1129
4701.1119
4702.1117
4703.1122
4704.1123
4705.1123
4706.1122
4707.1121
4708.1127
4709.1130
4710.1129
4711.1119
4712.1122
4713.1123
4714.1122
4715.1121
4716.1121
4717.1128
4718.1127
4719.1119
4720.1122
4721.1118
4722.1121
4723.1121
4724.1121
4725.1127
4726.1107
4727.1110
4728.1127
4729.1121
4730.1122
4731.1121
4732.1122
4733.1119
4734.1125
4735.1127
4736.1167
4737.1119
4738.1122
4739.1122
4740.1123
4741.1119
4742.1119
4743.1122
4744.1125
4745.1122
4746.1127
4747.1119
4748.1123
4749.1123
4750.1121
4751.1125
4752.1127
4753.1129
4754.1119
4755.1122
4756.1205
4757.1114
4758.1121
4759.1120
4760.1127
4761.1131
4762.1130
4763.1119
4764.1120
4765.1123
4766.1136
4767.1124
4768.1126
4769.1127
4770.1130
4771.1133
4772.1125
4773.1121
4774.1125
4775.1119
4776.1146
4777.1166
4778.1129
4779.1127
4780.1119
4781.1119
4782.1122
4783.1120
4784.1119
4785.1127
4786.1129
4787.1150
4788.1125
4789.1119
4790.1122
4791.1123
4792.1122
4793.1120
4794.1130
4795.1130
4796.1127
4797.1101
4798.1127
4799.1126
4800.1126
4801.1102
4802.1119
4803.1126
4804.1125
4805.1126
4806.1121
4807.1120
4808.1145
4809.1121
4810.1119
4811.1126
4812.1127
4813.1130
4814.1122
4815.1121
4816.1123
4817.1123
4818.1115
4819.1122
4820.1127
4821.1129
4822.1121
4823.1125
4824.1121
4825.1120
4826.1122
4827.1120
4828.1129
4829.1089
4830.1129
4831.1124
4832.1119
4833.1121
4834.1117
4835.1122
4836.1122
4837.1129
4838.1129
4839.1249
4840.1118
4841.1121
4842.1121
4843.1123
4844.1121
4845.1152
4846.1126
4847.1127
4848.1130
4849.1121
4850.1123
4851.1121
4852.1123
4853.1118
4854.1130
4855.1130
4856.1127
4857.1139
4858.1115
4859.1110
4860.1121
4861.1121
4862.1113
4863.1129
4864.1125
4865.1128
4866.1120
4867.1134
4868.1118
4869.1122
4870.1120
4871.1130
4872.1126
4873.1126
4874.1120
4875.1120
4876.1121
4877.1122
4878.1122
4879.1123
4880.1126
4881.1127
4882.1107
4883.1088
4884.1120
4885.1123
4886.1123
4887.1122
4888.1129
4889.1130
4890.1130
4891.1129
4892.1113
4893.1113
4894.1074
4895.1121
4896.1123
4897.1130
4898.1125
4899.1133
4900.1118
4901.1120
4902.1121
4903.1121
4904.1125
4905.1130
4906.1129
4907.1125
4908.1127
4909.1065
4910.1120
4911.1122
4912.1119
4913.1121
4914.1127
4915.1127
4916.1129
4917.1165
4918.1130
4919.1086
4920.1123
4921.1122
4922.1121
4923.1126
4924.1126
4925.1129
4926.1123
4927.1122
4928.1118
4929.1119
4930.1118
4931.1126
4932.1126
4933.1127
4934.1121
4935.1120
4936.1121
4937.1122
4938.1125
4939.1123
4940.1130
4941.1131
4942.1129
4943.1124
4944.1122
4945.1123
4946.1142
4947.1122
4948.1126
4949.1099
4950.1131
4951.1131
4952.1122
4953.1123
4954.1238
4955.1123
4956.1122
4957.1127
4958.1131
4959.1107
4960.1122
4961.1123
4962.1120
4963.1121
4964.1120
4965.1127
4966.1126
4967.1128
4968.1125
4969.1152
4970.1118
4971.1121
4972.1121
4973.1117
4974.1133
4975.1127
4976.1130
4977.1121
4978.1125
4979.1146
4980.1119
4981.1120
4982.1072
4983.1127
4984.1187
4985.1127
4986.1123
4987.1123
4988.1133
4989.1122
4990.1115
4991.1094
4992.1128
4993.1125
4994.1117
4995.1120
4996.1118
4997.1121
4998.1120
4999.1120
5000.1126
5001.1128
5002.1127
5003.1136
5004.1123
5005.1121
5006.1123
5007.1122
5008.1129
5009.1130
5010.1129
5011.1130
5012.1125
5013.1119
5014.1123
5015.1102
5016.1125
5017.1129
5018.1130
5019.1130
5020.1120
5021.1146
5022.1121
5023.1136
5024.1122
5025.1126
5026.1126
5027.1130
5028.1131
5029.1123
5030.1122
5031.1123
5032.1122
5033.1122
5034.1130
5035.1130
5036.1129
5037.1122
5038.1122
5039.1122
5040.1121
5041.1143
5042.1119
5043.1094
5044.1127
5045.1128
5046.1121
5047.1121
5048.1123
5049.1123
5050.1107
5051.1134
5052.1131
5053.1126
5054.1111
5055.1120
5056.1122
5057.1122
5058.1121
5059.1120
5060.1130
5061.1120
5062.1138
5063.1125
5064.1121
5065.1121
5066.1121
5067.1109
5068.1129
5069.1130
5070.1053
5071.1133
5072.1127
5073.1109
5074.1122
5075.1121
5076.1123
5077.1132
5078.1131
5079.1076
5080.1093
5081.1123
5082.1127
5083.1124
5084.1123
5085.1130
5086.1129
5087.1131
5088.1122
5089.1123
5090.1122
5091.1126
5092.1122
5093.1124
5094.1127
5095.1128
5096.1129
5097.1121
5098.1122
5099.1121
5100.1123
5101.1138
5102.1123
5103.1131
5104.1130
5105.1127
5106.1122
5107.1111
5108.1125
5109.1126
5110.1122
5111.1129
5112.1250
5113.1125
5114.1122
5115.1121
5116.1124
5117.1139
5118.1121
5119.1131
5120.1129
5121.1131
5122.1124
5123.1119
5124.1123
5125.1124
5126.1120
5127.1122
5128.1130
5129.1130
5130.1123
5131.1122
5132.1122
5133.1121
5134.1156
5135.1122
5136.1118
5137.1130
5138.1127
5139.1128
5140.1121
5141.1119
5142.1122
5143.1122
5144.1123
5145.1129
5146.1136
5147.1131
5148.1127
5149.1050
5150.1119
5151.1125
5152.1122
5153.1130
5154.1130
5155.1126
5156.1131
5157.1122
5158.1122
5159.1168
5160.1123
5161.1123
5162.1120
5163.1131
5164.1031
5165.1127
5166.1123
5167.1122
5168.1123
5169.1105
5170.1109
5171.1129
5172.1130
5173.1129
5174.1121
5175.1121
5176.1123
5177.1120
5178.1119
5179.1071
5180.1121
5181.1122
5182.1122
5183.1131
5184.1120
5185.1122
5186.1120
5187.1123
5188.1129
5189.1125
5190.1122
5191.1130
5192.1121
5193.1121
5194.1120
5195.1120
5196.1121
5197.1130
5198.1125
5199.1127
5200.1226
5201.1123
5202.1122
5203.1122
5204.1125
5205.1127
5206.1123
5207.1130
5208.1130
5209.1120
5210.1122
5211.1123
5212.1125
5213.1126
5214.1131
5215.1131
5216.1130
5217.1113
5218.1122
5219.1122
5220.1126
5221.1133
5222.1123
5223.1129
5224.1127
5225.1130
5226.1123
5227.1123
5228.1119
5229.1121
5230.1122
5231.1125
5232.1129
5233.1129
5234.1121
5235.1120
5236.1123
5237.1123
5238.1122
5239.1122
5240.1126
5241.1131
5242.1130
5243.1126
5244.1127
5245.1125
5246.1119
5247.1124
5248.1130
5249.1131
5250.1133
5251.1131
5252.1125
5253.1121
5254.1122
5255.1125
5256.1122
5257.1131
5258.1130
5259.1126
5260.1131
5261.1118
5262.1123
5263.1126
5264.1123
5265.1131
5266.1127
5267.1132
5268.1129
5269.1175
5270.1121
5271.1123
5272.1121
5273.1123
5274.1129
5275.1127
5276.1129
5277.1123
5278.1122
5279.1120
5280.1116
5281.1128
5282.1122
5283.1243
5284.1134
5285.1125
5286.1123
5287.1123
5288.1123
5289.1044
5290.1121
5291.1126
5292.1126
5293.1123
5294.1126
5295.1122
5296.1122
5297.1123
5298.1118
5299.1014
5300.1129
5301.1130
5302.1129
5303.1123
5304.1123
5305.1124
5306.1123
5307.1123
5308.1130
5309.1141
5310.1127
5311.1129
5312.1119
5313.1126
5314.1098
5315.1119
5316.1119
5317.1127
5318.1127
5319.1197
5320.1123
5321.1119
5322.1120
5323.1121
5324.1120
5325.1187
5326.1127
5327.1120
5328.1129
5329.1126
5330.1122
5331.1120
5332.1123
5333.1102
5334.1127
5335.1130
5336.1130
5337.1125
5338.1120
5339.1147
5340.1219
5341.1122
5342.1120
5343.1123
5344.1126
5345.1124
5346.1125
5347.1136
5348.1121
5349.1121
5350.1109
5351.1127
5352.1127
5353.1130
5354.1129
5355.1122
5356.1107
5357.1122
5358.1121
5359.1120
5360.1125
5361.1127
5362.1131
5363.1127
5364.1121
5365.1104
5366.1122
5367.1113
5368.1158
5369.1127
5370.1126
5371.1129
5372.1120
5373.1127
5374.1123
5375.1119
5376.1121
5377.1129
5378.1127
5379.1127
5380.1122
5381.1126
5382.1125
5383.1122
5384.1114
5385.1131
5386.1133
5387.1131
5388.1131
5389.1124
5390.1123
5391.1122
5392.1120
5393.1117
5394.1127
5395.1131
5396.1126
5397.1121
5398.1121
5399.1123
5400.1119
5401.1118
5402.1120
5403.1129
5404.1129
5405.1131
5406.1122
5407.1122
5408.1121
5409.1121
5410.1102
5411.1130
5412.1127
5413.1129
5414.1129
5415.1121
5416.1121
5417.1105
5418.1125
5419.1123
5420.1122
5421.1129
5422.1126
5423.1122
5424.1126
5425.1122
5426.1136
5427.1123
5428.1130
5429.1129
5430.985
5431.1123
5432.1131
5433.1122
5434.1123
5435.1121
5436.1129
5437.1131
5438.1129
5439.1129
5440.1122
5441.1124
5442.1055
5443.1122
5444.1121
5445.1127
5446.1127
5447.1132
5448.1147
5449.1109
5450.1124
5451.1121
5452.1124
5453.1121
5454.1127
5455.1126
5456.1130
5457.1120
5458.1121
5459.1114
5460.1118
5461.1122
5462.1131
5463.1131
5464.1138
5465.1125
5466.1126
5467.1122
5468.1155
5469.1122
5470.1121
5471.1127
5472.1126
5473.1125
5474.1124
5475.1121
5476.1123
5477.1114
5478.1263
5479.1117
5480.1162
5481.1130
5482.1127
5483.1118
5484.1121
5485.1120
5486.1233
5487.1120
5488.1237
5489.1126
5490.1127
5491.1127
5492.1122
5493.1106
5494.1120
5495.1120
5496.1120
5497.1123
5498.1132
5499.1126
5500.1123
5501.1123
5502.1123
5503.1121
5504.1122
5505.1129
5506.1129
5507.1168
5508.1130
5509.1120
5510.1122
5511.1123
5512.1121
5513.1123
5514.1131
5515.1127
5516.1130
5517.1120
5518.1120
5519.1121
5520.1122
5521.1123
5522.1120
5523.1128
5524.1125
5525.1230
5526.1120
5527.1121
5528.1130
5529.1121
5530.1122
5531.1127
5532.1130
5533.1125
5534.1128
5535.1115
5536.1156
5537.1121
5538.1122
5539.1122
5540.1129
5541.1127
5542.1128
5543.1121
5544.1121
5545.1093
5546.1114
5547.1122
5548.1118
5549.1125
5550.1130
5551.1129
5552.1122
5553.1121
5554.1121
5555.1110
5556.1127
5557.1127
5558.1129
5559.1130
5560.1122
5561.1123
5562.1126
5563.1121
5564.1121
5565.1129
5566.1145
5567.1131
5568.1168
5569.1122
5570.1121
5571.1121
5572.1124
5573.1123
5574.1126
5575.1129
5576.1126
5577.1122
5578.1120
5579.1124
5580.1122
5581.1121
5582.1123
5583.1127
5584.1129
5585.1139
5586.1113
5587.1121
5588.1124
5589.1119
5590.1122
5591.1131
5592.1127
5593.1127
5594.1085
5595.1122
5596.1120
5597.1122
5598.1123
5599.1122
5600.1126
5601.1129
5602.1127
5603.1121
5604.1120
5605.1121
5606.1120
5607.1123
5608.1127
5609.1127
5610.1102
5611.1129
5612.1121
5613.1120
5614.1124
5615.1121
5616.1119
5617.1126
5618.1125
5619.1127
5620.1122
5621.1120
5622.1122
5623.1122
5624.1120
5625.1126
5626.1126
5627.1130
5628.1119
5629.1119
5630.1120
5631.1125
5632.1146
5633.1118
5634.1128
5635.1130
5636.1129
5637.1123
5638.1122
5639.1123
5640.1125
5641.1099
5642.1097
5643.1131
5644.1130
5645.1129
5646.1119
5647.1128
5648.1132
5649.1122
5650.1119
5651.1139
5652.1136
5653.1127
5654.1126
5655.1119
5656.1121
5657.1122
5658.1122
5659.1122
5660.1125
5661.1127
5662.1125
5663.1121
5664.1123
5665.1122
5666.1122
5667.1122
5668.1131
5669.1149
5670.1127
5671.1131
5672.1121
5673.1121
5674.1125
5675.1120
5676.1122
5677.1127
5678.1130
5679.1173
5680.1121
5681.1120
5682.1122
5683.1122
5684.1122
5685.1136
5686.1127
5687.1133
5688.1122
5689.1123
5690.1124
5691.1122
5692.1123
5693.1136
5694.1129
5695.1131
5696.1130
5697.1121
5698.1070
5699.1120
5700.1121
5701.1120
5702.1075
5703.1129
5704.1127
5705.1127
5706.1122
5707.1123
5708.1121
5709.1123
5710.1125
5711.1129
5712.1127
5713.1129
5714.1072
5715.1122
5716.1120
5717.1123
5718.1120
5719.1119
5720.1126
5721.1129
5722.1127
5723.1121
5724.1121
5725.1122
5726.1121
5727.1124
5728.1123
5729.1066
5730.1130
5731.1129
5732.1117
5733.1121
5734.1122
5735.1008
5736.1114
5737.1129
5738.1131
5739.1129
5740.1123
5741.1122
5742.1124
5743.1122
5744.1122
5745.1130
5746.1126
5747.1138
5748.1129
5749.1120
5750.1119
5751.1121
5752.1121
5753.1112
5754.1126
5755.1125
5756.1127
5757.1129
5758.1131
5759.1127
5760.1127
5761.1130
5762.1090
5763.1129
5764.1131
5765.1126
5766.1127
5767.1118
5768.1123
5769.1118
5770.1121
5771.1125
5772.1126
5773.1125
5774.1138
5775.1120
5776.1133
5777.1121
5778.1125
5779.1121
5780.1125
5781.1129
5782.1131
5783.1125
5784.1124
5785.1121
5786.1115
5787.1120
5788.1127
5789.1127
5790.1123
5791.1127
5792.1121
5793.1121
5794.1121
5795.1133
5796.1123
5797.1126
5798.1130
5799.1129
5800.1123
5801.1121
5802.1122
5803.1121
5804.1071
5805.1136
5806.1127
5807.1123
5808.1127
5809.1121
5810.1110
5811.1121
5812.1119
5813.1121
5814.1082
5815.1131
5816.1130
5817.1121
5818.1123
5819.1123
5820.1122
5821.1121
5822.1085
5823.1131
5824.1123
5825.1123
5826.1126
5827.1121
5828.1121
5829.1121
5830.1121
5831.1127
5832.1127
5833.1127
5834.1119
5835.1123
5836.1109
5837.1122
5838.1120
5839.1125
5840.1127
5841.1129
5842.1127
5843.1121
5844.1121
5845.1123
5846.1119
5847.1118
5848.1127
5849.1127
5850.1126
5851.1094
5852.1121
5853.1122
5854.1122
5855.1119
5856.1022
5857.1133
5858.1129
5859.1130
5860.1077
5861.1121
5862.1121
5863.1123
5864.1121
5865.1129
5866.1129
5867.1131
5868.1125
5869.1119
5870.1136
5871.1122
5872.1122
5873.1122
5874.1119
5875.1131
5876.1129
5877.1123
5878.1121
5879.1121
5880.1120
5881.1120
5882.1129
5883.1128
5884.1127
5885.1129
5886.1122
5887.1122
5888.1123
5889.1232
5890.1107
5891.1125
5892.1128
5893.1129
5894.1120
5895.1121
5896.1123
5897.1088
5898.1090
5899.1123
5900.1131
5901.1130
5902.1132
5903.1123
5904.1123
5905.1122
5906.1152
5907.1125
5908.1142
5909.1129
5910.1127
5911.1127
5912.1122
5913.1120
5914.1120
5915.1125
5916.1121
5917.1158
5918.1126
5919.1127
5920.1124
5921.1125
5922.1118
5923.1119
5924.1122
5925.1127
5926.1131
5927.1127
5928.1135
5929.1122
5930.1125
5931.1124
5932.1121
5933.1122
5934.1130
5935.1127
5936.1125
5937.1123
5938.1120
5939.1121
5940.1121
5941.1121
5942.1119
5943.1130
5944.1125
5945.1130
5946.1111
5947.1122
5948.1122
5949.1123
5950.1119
5951.1129
5952.1131
5953.1133
5954.1126
5955.1163
5956.1125
5957.1121
5958.1120
5959.1120
5960.1130
5961.1128
5962.1128
5963.1122
5964.980
5965.1117
5966.1119
5967.1119
5968.1127
5969.1127
5970.1126
5971.1127
5972.1127
5973.1109
5974.1121
5975.1121
5976.1122
5977.1128
5978.1141
5979.1127
5980.1121
5981.1123
5982.1022
5983.1123
5984.1123
5985.1165
5986.1127
5987.1127
5988.1128
5989.1122
5990.1121
5991.1119
5992.1121
5993.1113
5994.1126
5995.1127
5996.1130
5997.1120
5998.1121
5999.1121
6000.1121
6001.1159
6002.1118
6003.1130
6004.1130
6005.1124
6006.1120
6007.1122
6008.1122
6009.1120
6010.1111
6011.1125
6012.1129
6013.1127
6014.1122
6015.1119
6016.1120
6017.1121
6018.1121
6019.1121
6020.1127
6021.1126
6022.1129
6023.1109
6024.1122
6025.1121
6026.1123
6027.1125
6028.1127
6029.1239
6030.1126
6031.1126
6032.1117
6033.1118
6034.1121
6035.1121
6036.1122
6037.1127
6038.1155
6039.1129
6040.1123
6041.1122
6042.1123
6043.1123
6044.1118
6045.1132
6046.1127
6047.1127
6048.1125
6049.1120
6050.1121
6051.1122
6052.1122
6053.1121
6054.1127
6055.1127
6056.1129
6057.1072
6058.1122
6059.1124
6060.1121
6061.1121
6062.1115
6063.1130
6064.1130
6065.1134
6066.1125
6067.1124
6068.1125
6069.1123
6070.1124
6071.1129
6072.1129
6073.1130
6074.1134
6075.1104
6076.1085
6077.1125
6078.1121
6079.1119
6080.1126
6081.1125
6082.1130
6083.1119
6084.1122
6085.1122
6086.1121
6087.1120
6088.1129
6089.1130
6090.1130
6091.1129
6092.1120
6093.1140
6094.1121
6095.1124
6096.1123
6097.1131
6098.1128
6099.1131
6100.1122
6101.1122
6102.1122
6103.1110
6104.1122
6105.1130
6106.1129
6107.1126
6108.1127
6109.1123
6110.1122
6111.1122
6112.1121
6113.1121
6114.1126
6115.1128
6116.1125
6117.1119
6118.1119
6119.1119
6120.1123
6121.1122
6122.1120
6123.1129
6124.1126
6125.1127
6126.1123
6127.1165
6128.1126
6129.1122
6130.1122
6131.1131
6132.1131
6133.1130
6134.1123
6135.1118
6136.1123
6137.1123
6138.1122
6139.1119
6140.1130
6141.1130
6142.1147
6143.1122
6144.1121
6145.1104
6146.1126
6147.1120
6148.1131
6149.1130
6150.1127
6151.1120
6152.1078
6153.1119
6154.1123
6155.1142
6156.1121
6157.1127
6158.1127
6159.1130
6160.1141
6161.1124
6162.1121
6163.1121
6164.1121
6165.1128
6166.1168
6167.1139
6168.1129
6169.1123
6170.1121
6171.1122
6172.1124
6173.1125
6174.1130
6175.1129
6176.1132
6177.1123
6178.1123
6179.1121
6180.1122
6181.1123
6182.1123
6183.1129
6184.1129
6185.1121
6186.1090
6187.1122
6188.1123
6189.1120
6190.1122
6191.1129
6192.1129
6193.1229
6194.1122
6195.1123
6196.1126
6197.1122
6198.1125
6199.1123
6200.1127
6201.1128
6202.1257
6203.1127
6204.1120
6205.1123
6206.1120
6207.1120
6208.1127
6209.1127
6210.1126
6211.1129
6212.1123
6213.1121
6214.1122
6215.1125
6216.1123
6217.1127
6218.1129
6219.1129
6220.1123
6221.1129
6222.1123
6223.1122
6224.1121
6225.1129
6226.1128
6227.1131
6228.1127
6229.1122
6230.1120
6231.1171
6232.1123
6233.1118
6234.1130
6235.1126
6236.1129
6237.1122
6238.1122
6239.1121
6240.1130
6241.1125
6242.1104
6243.1130
6244.1126
6245.1126
6246.1121
6247.1122
6248.1123
6249.1120
6250.1110
6251.1126
6252.1127
6253.1126
6254.1130
6255.1119
6256.1123
6257.1120
6258.1120
6259.1118
6260.1073
6261.1127
6262.1126
6263.1123
6264.1122
6265.1121
6266.1122
6267.1108
6268.1126
6269.1126
6270.1130
6271.1119
6272.1131
6273.1122
6274.1119
6275.1121
6276.1123
6277.1126
6278.1128
6279.1129
6280.1123
6281.1120
6282.1123
6283.1123
6284.1121
6285.1131
6286.1130
6287.1130
6288.1141
6289.1125
6290.1111
6291.1126
6292.1125
6293.1122
6294.1132
6295.1129
6296.1130
6297.1123
6298.1122
6299.1122
6300.1135
6301.1121
6302.1126
6303.1126
