
1142
1142
1150
1145
1141
1142
1142
1141
1140
1141
1141
1199
1145
1142
1136
1152
1142
1145
1147
1143
1143
1149
1147
1149
1145
1147
1146
1150
1147
1150
1149
1147
1146
1147
1147
1142
1143
1145
1173
1148
1142
1147
1122
1145
1145
1148
1143
1150
1147
1150
1149
1150
1151
1150
1154
1152
1166
1276
1153
1152
1152
1199
1151
1152
1151
1152
1148
1149
1149
1151
1152
1155
1151
1152
1154
1153
1152
1153
1157
1159
1154
1155
1159
1164
1203
1215
1213
1214
1229
1232
1248
1236
1206
1234
1232
1234
1243
1232
1226
1229
1232
1230
1231
1230
1232
1232
1232
1235
1179
1238
1232
1233
1234
1234
1236
1237
1247
1237
1241
1239
1236
1235
1241
1239
1232
1237
1239
1170
1235
1239
1243
1211
1243
1242
1249
1248
1245
1248
1248
1248
1251
1257
1249
1255
1251
1255
1261
1260
1262
1261
1429
1265
1250
1308
1185
1093
1093
1093
1091
1091
1090
1089
1089
1088
1089
1089
1089
1088
1090
1090
1088
1091
1093
1088
1092
1091
1094
1091
1091
1094
1095
1091
1095
1095
1099
1093
1099
1094
1102
1098
1093
1098
1097
1094
1089
1092
1091
1090
1093
1095
1093
1097
1092
1095
1091
1093
1090
1095
1011
1099
1097
1097
999
1103
1098
1097
1095
1090
1094
1100
1097
1094
1097
1094
1097
1099
1104
1095
1104
1104
1104
1081
1105
1102
1101
1103
1099
1098
1104
1019
1099
1102
1099
1104
1101
1098
1104
1099
1103
1104
1101
1100
1104
1104
1103
1104
1105
1100
1104
1104
1104
1106
1104
1105
1104
1108
1105
1106
1107
1107
1108
1129
1104
1104
1105
1103
1104
1105
1107
1104
1104
1104
1103
1103
1102
1104
1105
1104
1105
1107
1107
1107
1109
1109
1013
1110
1109
1111
1109
1112
1112
1110
1105
1108
1115
1109
1104
1106
1109
1109
1111
1108
1113
1106
1114
1110
1114
1111
1119
1115
1115
1120
1115
1121
1121
1118
1117
1123
1122
1121
1127
1121
1123
1117
1125
1124
1130
1092
1094
1091
1097
1096
1095
1098
1095
1100
1100
1100
1102
1098
1097
1099
1095
1099
1103
1103
1091
1099
1101
1099
1128
1102
1102
1099
1103
1104
1104
1104
1105
1102
1103
1104
1106
1104
1105
1104
1105
1105
1104
1104
1104
1100
1103
1104
1104
1104
1108
1103
1104
1106
1106
1097
1105
1107
1103
1105
1104
1104
1106
1104
1105
1109
1107
1105
1108
1107
1111
1109
1107
1110
1109
1113
1106
1112
1107
1110
1109
1111
1113
1110
1107
1107
1117
1082
1111
1110
1115
1035
1117
1114
1117
1115
1118
1119
1120
1122
1122
1123
1123
1125
1140
1109
1110
1110
1109
1111
1111
1119
1122
1123
1140
1151
1119
1123
1128
1127
1127
1125
1047
1123
1126
1127
1123
1121
1124
1125
1123
1126
1123
1125
1169
1129
1121
1137
1088
1130
1132
1131
1125
1126
1130
1134
1136
1130
1137
1137
1136
1149
1136
1151
1114
1110
1115
1104
1107
1105
1106
1107
1110
1108
1114
1061
1109
1107
1110
1109
1110
1115
1113
1107
1111
1115
1115
1108
1120
1111
1118
1118
1117
1121
1119
1121
1121
1129
1127
1135
1072
1078
1072
1075
1079
1074
976
1077
1075
1074
1105
1072
1075
1073
1072
1072
1072
1072
1071
1072
1072
1073
1072
1069
1072
1072
1073
1072
1073
1072
1074
1072
1073
1072
1072
1075
1073
1077
1074
1077
1077
1075
1072
1078
1078
1078
1099
1075
1077
1078
1043
1072
1074
1075
1072
1076
1072
1072
1073
1074
1073
1074
1078
1074
1072
1076
1075
1075
1073
1073
1073
1071
1075
1074
1073
1073
1078
1104
1077
1077
1082
1189
1082
1077
1082
1079
1077
1076
1074
1076
1078
1072
1076
1121
1073
1074
1078
1072
1077
1075
1079
1077
1087
1081
1081
1081
1078
1075
1077
1074
1077
1079
1079
1071
1074
1079
1076
1076
1074
1078
1075
1074
1079
1078
1087
1080
1078
1082
1079
1077
1079
1083
1075
1075
1077
1082
1078
1079
1084
1077
1077
1081
1077
1075
1077
1078
1078
1076
1076
1078
1082
1079
1079
1084
1081
1082
1083
1087
1088
1083
1087
1087
1083
1081
1077
1075
1084
1078
1081
1088
1088
1089
1083
1083
1082
1083
1077
1086
1088
1086
1083
1082
1087
1087
1088
1088
1089
1091
1090
1086
1088
1085
1088
1088
1091
1094
1088
1087
1086
1076
1087
1085
1088
1085
1088
1088
1089
1082
1089
1088
1088
1088
1088
1091
1089
1088
1095
1090
1091
1094
1091
1098
1093
1098
1103
1104
1104
1111
1078
1082
1022
1080
1083
1079
1077
1082
1075
1079
1079
1078
1077
1075
1076
1076
1077
1077
1072
1079
1076
1078
1075
1078
1079
1078
1083
1082
1082
1085
1079
1086
1083
1086
1082
1081
1082
1078
1082
1085
1084
1079
1082
1082
1084
1082
1083
1079
1082
1072
1086
1078
1082
1075
1075
1081
1083
1081
1075
1081
1085
1082
1083
1081
1083
1086
1081
1086
1083
1083
1081
1085
1085
1084
1088
1083
1084
1088
1085
1087
1088
1082
1086
1086
1206
1085
1088
1085
1085
1088
1088
1084
1083
1085
1083
1088
1083
1047
1083
1085
1086
1086
1085
1085
1088
1088
1088
1087
1087
1088
1089
1088
1088
1087
1094
1090
1088
1089
1089
1090
1088
1088
1091
1092
1111
1088
1088
1088
1091
1089
1092
1093
1100
1093
1091
1088
1089
1088
1092
1091
1094
1090
1091
1090
1089
1088
1089
1090
1093
1090
1091
1093
1089
1092
1091
1101
1100
1098
1098
1099
1101
1095
1103
1101
1098
1093
1097
1097
1096
1104
1099
1141
1097
1100
1100
1102
1101
1103
1098
1099
1102
1102
1101
1097
1098
1101
1100
1103
1102
1100
1103
1103
1103
1103
1105
1102
1103
1104
1105
1104
1104
1104
1104
1105
1104
1107
1110
1105
1104
1104
999
1107
1109
1108
1106
1111
1105
1104
1109
1105
1105
1107
1111
1111
1107
1111
1107
1109
1112
1114
1106
1106
1115
1111
1113
1117
1113
1111
1110
1115
1118
1122
1119
1124
1119
1121
1122
1123
1121
1122
1119
1118
1118
1119
1125
1118
1120
1123
1150
1124
1121
1121
1125
1122
1123
1122
1118
1122
1126
1126
1125
1126
1133
1123
1129
1133
1131
1136
1136
1136
1136
1136
1136
1136
1139
1142
1143
1141
1143
1107
1146
1147
1149
1189
1143
1140
1145
1145
1141
1141
1149
1149
1147
1151
1150
1150
1146
1148
1151
1152
1153
1155
1155
1056
1154
1161
1158
1155
1159
1158
1162
1159
1157
1158
1159
1158
1165
1169
1171
1182
1185
1200
1278
1232
1236
1250
1162
1165
1165
1166
1211
1167
1162
1167
1168
1163
1166
1165
1166
1166
1165
1165
1169
1165
1164
1168
1165
1167
1168
1158
1161
1161
1162
1158
1157
1161
1162
1147
1152
1150
1151
1147
1152
1155
1162
1156
1161
1166
1162
1172
1176
1176
1171
1157
1152
1154
1152
1155
1154
1158
1154
1155
1155
1158
1159
1156
1211
1157
1154
1156
1154
1155
1155
1154
1153
1155
1157
1159
1163
1174
1174
1173
1173
1178
1179
1182
1184
1176
1177
1158
1158
1165
1165
1165
1183
1180
1173
1168
1168
1173
1171
1152
1173
1170
1174
1202
1170
1175
1174
1174
1173
1165
1120
1115
1133
1078
1075
1076
1079
1081
1087
1074
1081
1082
1075
1082
1074
1074
1072
1072
1072
1073
1074
1073
1073
1074
1078
1074
1079
1075
1075
1076
1075
1078
1073
1075
1072
1072
1076
1075
1076
1078
1073
1077
1078
1076
1072
1080
1078
1078
1073
1078
1079
1074
1076
1075
1072
1074
1179
1078
1073
1074
1075
1077
1076
1080
1074
1077
1079
1083
1077
1082
1076
1076
1078
1075
1074
1075
1077
1077
1074
1073
1075
1077
1077
1078
1077
1079
1079
1050
1074
1072
1075
996
1076
1082
1081
1075
1077
1077
1079
1081
1081
1078
1074
1075
1012
1077
1072
1078
1075
1075
1076
1077
1081
1075
1078
1073
1078
1073
1073
1077
1078
1076
1072
1074
1075
1079
1077
1072
1070
1073
1076
1077
1081
1073
1078
1076
1075
1079
1083
1073
1078
1072
1077
1037
1075
1077
1078
1097
1078
1079
1082
1078
1077
1077
1078
1075
1077
1078
1078
1075
1076
1079
1078
1073
1074
1078
1079
1079
1077
1077
1075
1089
1075
1077
1078
1072
1082
1075
1082
1082
1079
1078
1087
1082
1082
1077
1085
1082
1085
1086
1085
1079
1082
1083
1088
1085
1081
1079
1084
1086
1086
1086
1086
1079
1084
1087
1092
1088
1086
1086
1083
1079
1087
1083
1084
1083
1079
1088
1088
1074
1082
1085
1087
1086
1083
1082
1081
1083
1086
1087
1088
1082
1082
1088
1083
1083
1085
1086
1083
1081
1084
1081
1087
1088
1087
1088
1088
1088
1083
1087
1087
1087
1083
1088
1088
1082
1086
1087
1100
1082
1082
1084
1069
1082
1083
1083
1079
1082
1085
1088
1085
1085
1087
1083
1087
1083
1085
1086
1087
1087
1084
1088
1088
1086
1084
1085
1082
1079
1085
1082
1079
1083
1086
1083
1085
1082
1079
1083
1082
1087
1090
1163
1086
1088
1088
1147
1087
1087
1088
1088
1083
1087
1087
1079
1082
1084
1082
1087
1082
1082
1085
1084
1081
1082
1085
1152
1087
1079
1083
1085
1088
1084
1088
1053
1086
1088
1087
1088
1086
1088
1084
1089
1087
1088
1091
1088
1087
1093
1087
1087
1087
1085
1084
1084
1082
1087
1086
1082
1087
1085
1079
1083
1085
1085
1087
1086
1083
1088
1078
1084
1081
1083
1052
1085
1087
1083
1082
1088
1085
1088
1089
1086
1084
1088
1088
1087
1089
1088
1091
1088
1085
1088
1089
1088
1088
1088
1091
1090
1085
1088
1088
1088
1086
1088
1088
1088
1085
1086
1088
1088
1085
1086
1087
1092
1084
1088
1088
1088
1091
1088
1088
1089
1088
1091
1088
1091
1088
1094
1092
1088
1088
1088
1088
1091
1088
1088
1091
1094
1090
1088
1098
1089
1088
1093
1091
1090
1091
1095
1088
1091
1090
1089
1096
1088
1095
1092
1091
1093
1091
1094
1089
1091
1094
1093
1089
1090
1095
1091
1092
1094
1092
1090
1089
1092
1091
1090
1088
1092
1093
1092
1091
1090
1088
1091
1091
1091
1092
1089
1091
1088
1091
1089
1092
1089
1089
1088
1091
1091
1093
1097
1095
1091
1098
1093
1096
1095
1098
1130
1099
1093
1099
1090
1095
1092
1091
1095
1093
1091
1091
1090
1099
1094
1098
1098
1100
1099
1105
1103
1100
1102
1101
1101
1093
1098
1102
1099
1102
1102
1103
1101
1105
1108
1114
1121
1120
1127
1138
1136
1136
1137
1137
1140
1136
1136
1141
1137
1143
1147
1156
1165
1158
1168
1170
1168
1187
1200
1197
1099
1103
1104
1104
1052
1105
1104
1107
1087
1104
1106
1104
1105
1112
1110
1108
1113
1110
1110
1113
1114
1111
1109
1116
1117
1114
1111
1121
1117
1111
1114
1113
1114
1117
1115
1119
1119
1115
1119
1114
1114
1114
1115
1118
1129
1081
1083
1071
1085
1087
1088
1088
1088
1085
1086
1086
1086
1084
1085
1083
1085
1083
1081
1086
1084
1088
1088
1088
1087
1088
1088
1083
1088
1086
1088
1087
1088
1085
1087
1085
1083
1084
1083
1085
1084
1088
1082
1083
1084
1086
1089
1086
1086
1088
1088
1082
1088
1088
1089
1088
1089
1087
1088
1083
1089
1088
1089
1088
1088
1088
1065
1090
1090
1093
1091
1088
1089
1093
1122
1091
1093
1088
1090
1089
1090
1088
1088
1089
1093
1088
1088
1090
1086
1089
1090
1088
1088
1088
1089
1088
1087
1088
1088
1088
1089
1090
1088
1088
1088
1088
1088
1088
1092
1097
1088
1089
1094
1090
1091
1097
1091
1097
1094
1099
1098
1101
1103
1106
1104
1104
1103
1104
1105
1104
1104
1103
1104
1106
1106
1105
1104
1104
1077
1104
1103
1104
1146
1106
1104
1104
1104
1105
1104
1105
1105
1105
1105
1105
1104
1104
1107
1105
1109
1106
1114
1111
1113
1110
1109
1111
1114
1109
1111
1116
1115
1115
1110
1116
1116
1114
1114
1115
1058
1110
1111
1116
1110
1115
1109
1110
1111
1113
1117
1113
1119
1107
1115
1113
1116
1115
1120
1120
1120
1119
1121
1119
1118
1122
1129
1120
1119
1122
1123
1122
1124
1124
1123
1123
1123
1123
1129
1153
1129
1142
1138
1168
1159
1157
1163
1216
1169
1159
1168
1168
1168
1167
1168
1232
1162
1167
1165
1163
1168
1168
1168
1166
1167
1167
1162
1165
1168
1169
1171
1168
1040
1168
1169
1168
1077
1164
1166
1169
1158
1166
1167
1167
1166
1165
1168
1166
1169
1168
1168
1169
1169
1175
1179
1178
1183
1179
1181
1187
1187
1194
1191
1203
1176
1187
1190
1159
1163
1164
1170
1168
1172
1175
1184
1179
1179
1175
1167
1163
1168
1167
1169
1168
1168
1167
1173
1172
1173
1173
1175
1177
1175
1177
1183
1178
1181
1183
1179
1181
1186
1183
1183
1183
1182
1185
1186
1190
1191
1189
1195
1195
1194
1195
1196
1194
1197
1195
1199
1194
1199
1200
1202
1206
1219
1136
1138
1143
1143
1143
1147
1117
1143
1139
1145
1051
1143
1147
1147
1141
1145
1145
1141
1148
1150
1148
1146
1198
1143
1150
1150
1149
1152
1148
1153
1151
1153
1153
1157
1154
1154
1159
1163
1162
1162
1165
1158
1157
1157
1154
1159
1159
1153
1159
1159
1163
1168
1168
1169
1168
1168
1170
1171
1168
1168
1168
1168
1168
1166
1169
1166
1167
1167
1165
1167
1168
1168
1168
1167
1168
1167
1167
1170
1168
1170
1167
1166
1168
1168
1168
1168
1168
1168
1166
1169
1168
1169
1170
1170
1168
1170
1167
1171
1172
1169
1172
1169
1169
1169
1172
1172
1187
1175
1177
1182
1107
1180
1183
1178
1182
1175
1175
1179
1206
1174
1184
1178
1182
1182
1184
1185
1187
1189
1200
1119
1119
1113
1119
1117
1115
1118
1114
1115
1117
1114
1117
1118
1117
1120
1120
1121
1115
1117
1121
1123
1121
1125
1122
1119
1115
1121
1120
1117
1121
1120
1121
1120
1162
1118
1119
1121
1118
1125
1117
1125
1125
1123
1122
1122
1123
1124
1121
1122
1120
1118
1121
1121
1122
1119
1121
1121
1125
1123
1122
1119
1121
1122
1121
1119
1125
1118
1126
1119
1118
1123
1125
1118
1123
1122
1122
1126
1123
1124
1122
1119
1125
1119
1119
1119
1121
1119
1125
1119
1123
1118
1120
1123
1123
1120
1124
1122
1120
1123
1117
1122
1123
1115
1121
1119
1124
1113
1120
1122
1120
1115
1115
1120
1121
1117
1118
1118
1118
1127
1120
1121
1115
1119
1117
1120
1118
1121
1119
1121
1119
1117
1118
1121
1121
1123
1123
1122
1126
1119
1122
1127
1121
1123
1123
1119
1125
1120
1117
1119
1121
1119
1123
1121
1122
1125
1117
1122
1126
1122
1121
1122
1121
1120
1122
1121
1124
1122
1123
1121
1123
1122
1125
1123
1121
1129
1126
1125
1114
1119
1122
1122
1123
1117
1115
1108
1120
1120
1115
1117
1115
1121
1122
1124
1123
1116
1117
1119
1111
1117
1122
1119
1119
1119
1124
1122
1199
1120
1119
1121
1122
1123
1124
1125
1120
1121
1122
1122
1109
1123
1125
1121
1122
1125
1123
1123
1124
1125
1125
1127
1123
1121
1123
1122
1126
1119
1123
1125
1123
1122
1124
1120
1119
1078
1119
1121
1118
1116
1118
1120
1119
1117
1117
1117
1117
1045
1118
1115
1115
1062
1118
1118
1115
1209
1115
1115
1115
1118
1123
1122
1121
1117
1119
1117
1121
1117
1118
1119
1117
1123
1119
1123
1117
1114
1120
1119
1121
1116
1115
1119
1117
1117
1117
1116
1115
1120
1118
1116
1116
1118
1116
1116
1117
1053
1118
1121
1120
1143
1120
1121
1125
1135
1124
1121
1124
1127
1122
1123
1118
1124
1119
1120
1118
1118
1125
1121
1122
1117
1119
1123
1118
1116
1119
1119
1119
1115
1119
1121
1117
1115
1115
1118
1116
1119
1115
1114
1119
1110
1119
1120
1123
1118
1124
1121
1123
1124
1119
1120
1124
1123
1122
1122
1120
1123
1125
1123
1121
1121
1122
1123
1119
1113
1122
1123
1122
1121
1121
1118
1125
1122
1121
1125
1126
1126
1125
1123
1122
1122
1134
1120
1126
1127
1123
1121
1125
1123
1125
1123
1125
1122
1123
1120
1126
1122
1121
1119
1122
1120
1126
1123
1121
1121
1121
1122
1125
1121
1127
1127
1123
1122
1117
1122
1121
1117
1117
1122
1117
1118
1120
1117
1117
1121
1119
1117
1122
1125
1121
1122
1127
1119
1121
1118
1122
1117
1118
1119
1119
1121
1120
1115
1120
1118
1117
1118
1122
1114
1116
1116
1114
1116
1118
1118
1119
1118
1120
1118
1116
1121
1116
1119
1119
1121
1118
1120
1125
1122
1121
1118
1126
1125
1121
1123
1123
1123
1119
1123
1122
1119
1123
1119
1123
1122
1117
1126
1119
1118
1123
1121
1123
1118
1119
1121
1122
1117
1124
1121
1129
1125
1121
1122
1124
1154
1119
1125
1120
1154
1122
1124
1126
1120
1119
1121
1119
1122
1119
1120
1119
1120
1122
1117
1118
1122
1119
1118
1117
1121
1116
1119
1119
1121
1121
1121
1119
1122
1115
1120
1123
1123
1123
1125
1123
1127
1123
1123
1121
1120
1126
1119
1121
1123
1120
1121
1119
1122
1169
1122
1122
1119
1117
1119
1119
1116
1111
1118
1118
1119
1119
1122
1117
1119
1117
1120
1121
1118
1152
1119
1123
1123
1136
1127
1122
1125
1134
1121
1119
1124
1119
1117
1121
1121
1119
1121
1120
1119
1117
1119
1119
1120
1118
1117
1118
1115
1120
1118
1121
1119
1119
1123
1124
1118
1121
1119
1121
1121
1121
1121
1121
1127
1163
1123
1123
1120
1122
1125
1125
1121
1122
1122
1121
1122
1120
1120
1123
1119
1168
1116
1118
1118
1104
1119
1115
1119
1136
1118
1120
1121
1103
1123
1123
1125
1015
1122
1120
1121
1120
1122
1119
1118
1114
1120
1118
1118
1117
1119
1121
1119
1231
1121
1123
1122
1122
1123
1122
1121
1123
1121
1117
1119
1119
1117
1114
1122
1120
1114
1123
1118
1119
1122
1119
1125
1123
1121
1121
1127
1122
1163
1119
1122
1122
1103
1120
1122
1120
1117
1124
1121
1123
1123
1122
1122
1114
1114
1122
1119
1118
1013
1121
1121
1121
1154
1122
1127
1122
1010
1119
1121
1118
993
1120
1117
1122
1122
1118
1123
1121
1152
1122
1130
1129
1122
1122
1121
1123
1122
1122
1119
1124
1120
1119
1117
1120
1117
1116
1114
1117
1117
1118
1114
1123
1119
1111
1121
1124
1119
1121
1115
1121
1118
1117
1121
1122
1120
1123
1120
1117
1120
1118
1119
1123
1123
1121
1125
1127
1127
1123
1126
1125
1125
1122
1123
1120
1120
1115
1120
1119
1119
1117
1119
1121
1136
1122
1123
1122
1121
1119
1120
1125
1130
1127
1123
1125
1122
1123
1124
1123
1121
1126
1124
1118
1118
1115
1121
1122
1118
1119
1118
1124
1122
1117
1121
1119
1121
1120
1122
1120
1127
1126
1122
1121
1123
1121
1125
1127
1127
1121
1120
1121
1123
1119
1121
1119
1120
1118
1122
1121
1120
1117
1120
1122
1122
1119
1118
1119
1119
1111
1119
1122
1126
1117
1118
1123
1120
1127
1122
1125
1121
1187
1117
1125
1123
1035
1123
1122
1123
1130
1122
1125
1126
1179
1123
1124
1124
1126
1126
1122
1129
1131
1122
1126
1125
1127
1127
1123
1125
1122
1122
1123
1123
1122
1127
1122
1127
1121
1127
1123
1123
1123
1122
1121
1125
1124
1122
1120
1119
1120
1121
1122
1119
1121
1120
1124
1119
1120
1115
1119
1123
1120
1122
1121
1126
1122
1126
1124
1120
1127
1128
1126
1124
1123
1123
1121
1125
1125
1122
1119
1122
1125
1120
1120
1125
1119
1117
1122
1121
1120
1122
1120
1117
1121
1119
1118
1122
1119
1123
1121
1119
1118
1118
1116
1121
1117
1119
1117
1119
1119
1120
1122
1119
1120
1124
1118
1124
1123
1122
1121
1123
1119
1125
1123
1123
1121
1122
1119
1122
1121
1123
1121
1123
1123
1121
1120
1124
1123
1122
1122
1122
1119
1123
1118
1121
1123
1128
1119
1122
1122
1123
1123
1119
1125
1127
1121
1123
1125
1119
1120
1119
1121
1123
1125
1125
1127
1121
1121
1119
1125
1121
1126
1120
1123
1123
1122
1126
1121
1123
1122
1120
1119
1120
1118
1118
1118
1122
1122
1120
1120
1120
1120
1121
1119
1120
1120
1115
1117
1121
1119
1121
1119
1120
1121
1118
1117
1122
1115
1121
1119
1119
1121
1115
1117
1120
1119
1115
1120
1117
1121
1117
1120
1121
1122
1119
1121
1122
1117
1121
1123
1119
1123
1122
1119
1123
1124
1118
1117
1120
1121
1121
1118
1123
1120
1121
1122
1120
1118
1120
1122
1120
1121
1126
1120
1119
1123
1125
1122
1127
1126
1130
1123
1127
1127
1121
1124
1122
1123
1122
1120
1128
1127
1124
1123
1125
1126
1122
1126
1126
1125
1120
1123
1126
1124
1129
1121
1124
1121
1122
1122
1119
1123
1121
1120
1122
1121
1118
1120
1119
1116
1121
1121
1120
1123
1122
1120
1122
1122
1125
1124
1124
1126
1126
1126
1123
1125
1121
1123
1122
1119
1119
1120
1117
1117
1121
1121
1117
1123
1119
1121
1126
1122
1126
1125
1129
1127
1133
1127
1129
1127
1125
1125
1123
1121
1127
1126
1126
1127
1122
1122
1120
1123
1113
1118
1119
1123
1118
1122
1122
1120
1116
1119
1122
1119
1097
1120
1121
1121
1118
1122
1119
1117
1121
1121
1120
1121
1122
1126
1119
1123
1121
1120
1123
1122
1122
1120
1120
1123
1118
1123
1120
1122
1121
1119
1123
1122
1123
1123
1119
1123
1121
1122
1121
1126
1126
1123
1127
1126
1123
1123
1126
1122
1126
1125
1125
1122
1125
1125
1130
1126
1134
1130
1123
1125
1130
1133
1126
1131
1126
1133
1126
1130
1132
1128
1133
1133
1134
1131
1133
1134
1135
1134
1135
1134
1136
1136
1134
1136
1136
1136
1136
1137
1140
1141
1139
1139
1137
1137
1139
1136
1139
1138
1138
1137
1146
1140
1139
1141
1146
1145
1146
1140
1149
1144
1143
1149
1145
1143
1148
1146
1143
1143
1141
1146
1150
1149
1147
1147
1143
1109
1149
1142