1.2521
2.2519
3.2533
4.2529
5.2531
6.2554
7.2518
8.2509
9.2515
10.2518
11.2522
12.2530
13.2529
14.2528
15.2521
16.2519
17.2518
18.2517
19.2517
20.2529
21.2528
22.2528
23.2517
24.2518
25.2540
26.2521
27.2515
28.2518
29.2532
30.2530
31.2533
32.2522
33.2522
34.2522
35.2518
36.2525
37.2533
38.2531
39.2531
40.2533
41.2532
42.2531
43.2514
44.2535
45.2544
46.2533
47.2531
48.2530
49.2533
50.2527
51.2570
52.2533
53.2534
54.2529
55.2531
56.2533
57.2534
58.2531
59.2531
60.2535
61.2535
62.2522
63.2533
64.2533
65.2528
66.2518
67.2518
68.2521
69.2518
70.2519
71.2534
72.2533
73.2532
74.2524
75.2522
76.2559
77.2522
78.2522
79.2526
80.2530
81.2534
82.2533
83.2522
84.2523
85.2547
86.2519
87.2518
88.2523
89.2531
90.2533
91.2533
92.2526
93.2523
94.2523
95.2534
96.2527
97.2535
98.2534
99.2533
100.2534
101.2535
102.2524
103.2532
104.2534
105.2521
106.2531
107.2532
108.2530
109.2533
110.2530
111.2546
112.2527
113.2530
114.2530
115.2530
116.2530
117.2530
118.2530
119.2527
120.2543
121.2523
122.2521
123.2532
124.2528
125.2531
126.2522
127.2518
128.2544
129.2523
130.2521
131.2531
132.2535
133.2533
134.2526
135.2522
136.2525
137.2533
138.2523
139.2526
140.2527
141.2531
142.2535
143.2525
144.2527
145.2526
146.2496
147.2524
148.2533
149.2532
150.2534
151.2534
152.2514
153.2525
154.2518
155.2522
156.2518
157.2534
158.2531
159.2532
160.2527
161.2523
162.2525
163.2498
164.2523
165.2519
166.2615
167.2535
168.2530
169.2521
170.2521
171.2521
172.2523
173.2523
174.2533
175.2531
176.2531
177.2519
178.2522
179.2534
180.2517
181.2516
182.2518
183.2449
184.2531
185.2559
186.2515
187.2523
188.2521
189.2522
190.2522
191.2537
192.2528
193.2531
194.2518
195.2521
196.2518
197.2517
198.2519
199.2522
200.2530
201.2529
202.2530
203.2516
204.2519
205.2515
206.2517
207.2523
208.2530
209.2533
210.2527
211.2519
212.2519
213.2516
214.2517
215.2515
216.2480
217.2530
218.2530
219.2527
220.2515
221.2543
222.2512
223.2515
224.2515
225.2527
226.2526
227.2527
228.2529
229.2517
230.2517
231.2514
232.2518
233.2526
234.2529
235.2525
236.2525
237.2518
238.2519
239.2512
240.2513
241.2516
242.2505
243.2525
244.2483
245.2527
246.2512
247.2515
248.2544
249.2512
250.2514
251.2527
252.2528
253.2528
254.2522
255.2514
256.2513
257.2491
258.2515
259.2514
260.2526
261.2528
262.2527
263.2518
264.2517
265.2513
266.2512
267.2523
268.2525
269.2522
270.2525
271.2514
272.2517
273.2513
274.2559
275.2517
276.2514
277.2527
278.2527
279.2527
280.2514
281.2513
282.2517
283.2602
284.2515
285.2531
286.2529
287.2529
288.2528
289.2515
290.2519
291.2518
292.2518
293.2514
294.2527
295.2524
296.2527
297.2515
298.2516
299.2513
300.2465
301.2519
302.2515
303.2528
304.2527
305.2528
306.2518
307.2518
308.2516
309.2517
310.2538
311.2526
312.2529
313.2529
314.2517
315.2513
316.2518
317.2544
318.2518
319.2519
320.2530
321.2529
322.2528
323.2519
324.2517
325.2517
326.2521
327.2514
328.2529
329.2526
330.2528
331.2517
332.2517
333.2517
334.2525
335.2517
336.2519
337.2528
338.2527
339.2528
340.2516
341.2516
342.2518
343.2515
344.2514
345.2527
346.2531
347.2528
348.2531
349.2525
350.2517
351.2521
352.2512
353.2515
354.2527
355.2527
356.2530
357.2521
358.2514
359.2529
360.2515
361.2515
362.2521
363.2539
364.2526
365.2530
366.2513
367.2521
368.2496
369.2518
370.2524
371.2528
372.2528
373.2526
374.2517
375.2516
376.2518
377.2515
378.2513
379.2517
380.2530
381.2527
382.2527
383.2519
384.2519
385.2517
386.2523
387.2469
388.2531
389.2530
390.2530
391.2522
392.2538
393.2517
394.2523
395.2518
396.2515
397.2528
398.2523
399.2530
400.2517
401.2519
402.2513
403.2529
404.2515
405.2530
406.2532
407.2526
408.2531
409.2520
410.2521
411.2518
412.2521
413.2511
414.2527
415.2528
416.2529
417.2517
418.2516
419.2515
420.2543
421.2518
422.2510
423.2530
424.2532
425.2529
426.2518
427.2519
428.2521
429.2517
430.2518
431.2528
432.2530
433.2528
434.2513
435.2518
436.2512
437.2516
438.2514
439.2515
440.2527
441.2527
442.2524
443.2513
444.2517
445.2521
446.2517
447.2548
448.2527
449.2526
450.2527
451.2517
452.2516
453.2517
454.2519
455.2537
456.2513
457.2531
458.2531
459.2528
460.2517
461.2517
462.2521
463.2512
464.2518
465.2513
466.2527
467.2529
468.2518
469.2515
470.2519
471.2515
472.2502
473.2515
474.2528
475.2539
476.2529
477.2517
478.2514
479.2514
480.2516
481.2559
482.2524
483.2529
484.2527
485.2527
486.2515
487.2517
488.2517
489.2512
490.2539
491.2527
492.2522
493.2527
494.2518
495.2517
496.2519
497.2518
498.2513
499.2515
500.2526
501.2530
502.2539
503.2515
504.2522
505.2515
506.2514
507.2518
508.2518
509.2530
510.2528
511.2515
512.2514
513.2516
514.2517
515.2525
516.2518
517.2527
518.2529
519.2530
520.2515
521.2516
522.2517
523.2518
524.2515
525.2527
526.2527
527.2526
528.2530
529.2518
530.2515
531.2513
532.2515
533.2514
534.2528
535.2529
536.2530
537.2518
538.2516
539.2539
540.2517
541.2522
542.2512
543.2528
544.2527
545.2527
546.2517
547.2518
548.2514
549.2515
550.2518
551.2528
552.2530
553.2515
554.2518
555.2515
556.2518
557.2521
558.2517
559.2519
560.2530
561.2527
562.2530
563.2522
564.2518
565.2523
566.2519
567.2520
568.2528
569.2528
570.2528
571.2521
572.2516
573.2525
574.2519
575.2516
576.2519
577.2531
578.2524
579.2535
580.2515
581.2519
582.2525
583.2515
584.2517
585.2530
586.2529
587.2529
588.2518
589.2517
590.2516
591.2515
592.2517
593.2519
594.2531
595.2528
596.2529
597.2518
598.2515
599.2512
600.2520
601.2518
602.2530
603.2528
604.2528
605.2528
606.2519
607.2516
608.2521
609.2522
610.2523
611.2529
612.2529
613.2528
614.2519
615.2521
616.2518
617.2513
618.2518
619.2496
620.2529
621.2529
622.2531
623.2517
624.2518
625.2515
626.2517
627.2519
628.2528
629.2530
630.2529
631.2515
632.2517
633.2517
634.2519
635.2515
636.2519
637.2531
638.2531
639.2519
640.2535
641.2519
642.2519
643.2519
644.2528
645.2529
646.2529
647.2531
648.2521
649.2514
650.2512
651.2516
652.2518
653.2513
654.2527
655.2529
656.2529
657.2533
658.2519
659.2518
660.2514
661.2516
662.2513
663.2522
664.2523
665.2527
666.2519
667.2503
668.2517
669.2516
670.2501
671.2527
672.2530
673.2527
674.2519
675.2487
676.2529
677.2519
678.2513
679.2518
680.2527
681.2530
682.2524
683.2513
684.2519
685.2513
686.2515
687.2518
688.2529
689.2528
690.2527
691.2517
692.2525
693.2515
694.2535
695.2532
696.2518
697.2532
698.2529
699.2530
700.2521
701.2519
702.2519
703.2519
704.2513
705.2533
706.2529
707.2530
708.2516
709.2515
710.2514
711.2515
712.2514
713.2515
714.2527
715.2534
716.2528
717.2515
718.2523
719.2515
720.2514
721.2514
722.2518
723.2527
724.2529
725.2533
726.2519
727.2517
728.2521
729.2518
730.2479
731.2528
732.2524
733.2527
734.2518
735.2521
736.2515
737.2514
738.2518
739.2519
740.2535
741.2530
742.2571
743.2518
744.2515
745.2517
746.2516
747.2523
748.2533
749.2529
750.2531
751.2528
752.2519
753.2636
754.2516
755.2519
756.2518
757.2530
758.2511
759.2528
760.2521
761.2517
762.2515
763.2518
764.2542
765.2528
766.2525
767.2529
768.2642
769.2517
770.2519
771.2523
772.2537
773.2522
774.2530
775.2530
776.2528
777.2521
778.2480
779.2522
780.2515
781.2527
782.2519
783.2530
784.2529
785.2494
786.2519
787.2522
788.2457
789.2518
790.2518
791.2519
792.2528
793.2533
794.2512
795.2519
796.2523
797.2509
798.2518
799.2520
800.2527
801.2531
802.2514
803.2521
804.2515
805.2544
806.2517
807.2523
808.2529
809.2529
810.2527
811.2531
812.2513
813.2518
814.2519
815.2519
816.2519
817.2529
818.2529
819.2527
820.2519
821.2519
822.2521
823.2518
824.2522
825.2530
826.2531
827.2530
828.2531
829.2519
830.2522
831.2525
832.2522
833.2519
834.2533
835.2533
836.2534
837.2523
838.2526
839.2523
840.2519
841.2523
842.2512
843.2532
844.2535
845.2533
846.2522
847.2524
848.2523
849.2521
850.2523
851.2529
852.2534
853.2529
854.2525
855.2525
856.2502
857.2525
858.2522
859.2526
860.2539
861.2531
862.2532
863.2523
864.2519
865.2523
866.2523
867.2523
868.2530
869.2597
870.2538
871.2535
872.2529
873.2480
874.2518
875.2523
876.2521
877.2530
878.2618
879.2531
880.2523
881.2524
882.2521
883.2519
884.2519
885.2533
886.2534
887.2532
888.2531
889.2512
890.2522
891.2519
892.2496
893.2522
894.2533
895.2536
896.2530
897.2519
898.2522
899.2519
900.2523
901.2524
902.2523
903.2523
904.2530
905.2530
906.2519
907.2519
908.2519
909.2522
910.2519
911.2531
912.2539
913.2530
914.2521
915.2518
916.2519
917.2524
918.2521
919.2518
920.2534
921.2459
922.2531
923.2521
924.2521
925.2519
926.2519
927.2516
928.2531
929.2531
930.2533
931.2523
932.2522
933.2523
934.2519
935.2519
936.2519
937.2530
938.2529
939.2529
940.2523
941.2523
942.2519
943.2519
944.2523
945.2532
946.2541
947.2533
948.2533
949.2521
950.2519
951.2524
952.2523
953.2518
954.2531
955.2554
956.2529
957.2524
958.2524
959.2524
960.2519
961.2522
962.2526
963.2531
964.2534
965.2528
966.2524
967.2523
968.2550
969.2519
970.2521
971.2533
972.2503
973.2529
974.2520
975.2522
976.2519
977.2522
978.2521
979.2517
980.2529
981.2531
982.2531
983.2523
984.2524
985.2519
986.2522
987.2521
988.2529
989.2533
990.2543
991.2533
992.2513
993.2517
994.2517
995.2523
996.2519
997.2531
998.2531
999.2523
1000.2523
1001.2519
1002.2521
1003.2518
1004.2521
1005.2531
1006.2539
1007.2531
1008.2530
1009.2523
1010.2519
1011.2519
1012.2519
1013.2525
1014.2533
1015.2531
1016.2534
1017.2523
1018.2525
1019.2521
1020.2522
1021.2522
1022.2526
1023.2533
1024.2531
1025.2538
1026.2519
1027.2519
1028.2523
1029.2539
1030.2518
1031.2534
1032.2533
1033.2530
1034.2462
1035.2517
1036.2522
1037.2515
1038.2522
1039.2519
1040.2530
1041.2531
1042.2531
1043.2557
1044.2522
1045.2518
1046.2520
1047.2523
1048.2530
1049.2533
1050.2532
1051.2522
1052.2518
1053.2521
1054.2523
1055.2523
1056.2519
1057.2531
1058.2531
1059.2529
1060.2523
1061.2475
1062.2519
1063.2522
1064.2519
1065.2530
1066.2530
1067.2533
1068.2531
1069.2525
1070.2558
1071.2522
1072.2519
1073.2522
1074.2529
1075.2527
1076.2531
1077.2588
1078.2521
1079.2524
1080.2526
1081.2523
1082.2532
1083.2532
1084.2574
1085.2532
1086.2522
1087.2517
1088.2448
1089.2515
1090.2518
1091.2531
1092.2527
1093.2528
1094.2483
1095.2517
1096.2521
1097.2519
1098.2519
1099.2521
1100.2530
1101.2517
1102.2533
1103.2521
1104.2523
1105.2522
1106.2531
1107.2538
1108.2529
1109.2527
1110.2529
1111.2527
1112.2516
1113.2523
1114.2527
1115.2529
1116.2445
1117.2544
1118.2528
1119.2526
1120.2527
1121.2532
1122.2528
1123.2527
1124.2530
1125.2534
1126.2529
1127.2529
1128.2525
1129.2529
1130.2532
1131.2530
1132.2531
1133.2530
1134.2527
1135.2547
1136.2531
1137.2529
1138.2527
1139.2527
1140.2527
1141.2526
1142.2490
1143.2526
1144.2529
1145.2525
1146.2517
1147.2516
1148.2519
1149.2517
1150.2517
1151.2529
1152.2528
1153.2525
1154.2518
1155.2517
1156.2520
1157.2517
1158.2518
1159.2514
1160.2527
1161.2526
1162.2527
1163.2528
1164.2526
1165.2527
1166.2527
1167.2527
1168.2528
1169.2531
1170.2526
1171.2529
1172.2519
1173.2514
1174.2517
1175.2515
1176.2515
1177.2529
1178.2528
1179.2527
1180.2519
1181.2521
1182.2519
1183.2516
1184.2479
1185.2516
1186.2529
1187.2527
1188.2527
1189.2529
1190.2517
1191.2521
1192.2527
1193.2529
1194.2534
1195.2529
1196.2526
1197.2531
1198.2527
1199.2527
1200.2528
1201.2531
1202.2522
1203.2526
1204.2526
1205.2522
1206.2515
1207.2514
1208.2514
1209.2513
1210.2515
1211.2525
1212.2521
1213.2528
1214.2527
1215.2518
1216.2513
1217.2515
1218.2515
1219.2518
1220.2528
1221.2528
1222.2526
1223.2514
1224.2517
1225.2499
1226.2518
1227.2518
1228.2526
1229.2529
1230.2527
1231.2512
1232.2466
1233.2517
1234.2517
1235.2515
1236.2517
1237.2526
1238.2526
1239.2527
1240.2526
1241.2479
1242.2529
1243.2527
1244.2527
1245.2525
1246.2525
1247.2526
1248.2527
1249.2527
1250.2494
1251.2523
1252.2525
1253.2521
1254.2527
1255.2525
1256.2525
1257.2523
1258.2527
1259.2523
1260.2528
1261.2523
1262.2509
1263.2526
1264.2542
1265.2516
1266.2513
1267.2515
1268.2515
1269.2487
1270.2517
1271.2529
1272.2525
1273.2526
1274.2518
1275.2520
1276.2517
1277.2518
1278.2496
1279.2514
1280.2526
1281.2529
1282.2527
1283.2514
1284.2516
1285.2518
1286.2514
1287.2526
1288.2525
1289.2527
1290.2527
1291.2525
1292.2503
1293.2512
1294.2512
1295.2517
1296.2517
1297.2525
1298.2527
1299.2527
1300.2515
1301.2516
1302.2518
1303.2519
1304.2515
1305.2526
1306.2526
1307.2495
1308.2523
1309.2513
1310.2514
1311.2515
1312.2517
1313.2451
1314.2521
1315.2528
1316.2461
1317.2514
1318.2514
1319.2517
1320.2517
1321.2514
1322.2507
1323.2530
1324.2529
1325.2528
1326.2518
1327.2515
1328.2516
1329.2514
1330.2523
1331.2525
1332.2526
1333.2523
1334.2516
1335.2576
1336.2513
1337.2515
1338.2517
1339.2513
1340.2528
1341.2528
1342.2529
1343.2517
1344.2517
1345.2513
1346.2513
1347.2515
1348.2527
1349.2526
1350.2523
1351.2527
1352.2517
1353.2521
1354.2512
1355.2512
1356.2514
1357.2525
1358.2525
1359.2527
1360.2512
1361.2518
1362.2517
1363.2517
1364.2515
1365.2527
1366.2529
1367.2526
1368.2517
1369.2519
1370.2518
1371.2517
1372.2514
1373.2515
1374.2527
1375.2483
1376.2526
1377.2516
1378.2514
1379.2515
1380.2513
1381.2514
1382.2516
1383.2529
1384.2522
1385.2522
1386.2517
1387.2515
1388.2517
1389.2516
1390.2515
1391.2495
1392.2529
1393.2527
1394.2525
1395.2516
1396.2519
1397.2515
1398.2516
1399.2514
1400.2527
1401.2526
1402.2526
1403.2517
1404.2517
1405.2517
1406.2519
1407.2518
1408.2526
1409.2525
1410.2523
1411.2527
1412.2513
1413.2517
1414.2515
1415.2544
1416.2517
1417.2527
1418.2523
1419.2526
1420.2512
1421.2517
1422.2517
1423.2508
1424.2448
1425.2527
1426.2528
1427.2527
1428.2529
1429.2518
1430.2515
1431.2516
1432.2504
1433.2542
1434.2527
1435.2527
1436.2526
1437.2518
1438.2518
1439.2517
1440.2516
1441.2518
1442.2514
1443.2528
1444.2525
1445.2533
1446.2515
1447.2514
1448.2513
1449.2487
1450.2515
1451.2527
1452.2524
1453.2521
1454.2512
1455.2514
1456.2519
1457.2514
1458.2514
1459.2514
1460.2527
1461.2525
1462.2510
1463.2516
1464.2499
1465.2519
1466.2517
1467.2517
1468.2528
1469.2527
1470.2528
1471.2526
1472.2518
1473.2519
1474.2519
1475.2514
1476.2519
1477.2526
1478.2527
1479.2531
1480.2519
1481.2517
1482.2517
1483.2516
1484.2517
1485.2526
1486.2531
1487.2529
1488.2529
1489.2517
1490.2517
1491.2485
1492.2517
1493.2518
1494.2526
1495.2528
1496.2530
1497.2522
1498.2482
1499.2517
1500.2518
1501.2544
1502.2512
1503.2526
1504.2528
1505.2527
1506.2512
1507.2513
1508.2518
1509.2517
1510.2512
1511.2517
1512.2527
1513.2527
1514.2496
1515.2515
1516.2517
1517.2516
1518.2522
1519.2514
1520.2512
1521.2523
1522.2525
1523.2515
1524.2512
1525.2517
1526.2450
1527.2517
1528.2527
1529.2527
1530.2527
1531.2515
1532.2525
1533.2518
1534.2517
1535.2519
1536.2519
1537.2526
1538.2544
1539.2525
1540.2518
1541.2517
1542.2516
1543.2514
1544.2515
1545.2527
1546.2526
1547.2523
1548.2557
1549.2515
1550.2519
1551.2515
1552.2518
1553.2515
1554.2529
1555.2527
1556.2528
1557.2515
1558.2518
1559.2513
1560.2514
1561.2517
1562.2523
1563.2526
1564.2529
1565.2530
1566.2519
1567.2518
1568.2515
1569.2516
1570.2519
1571.2526
1572.2530
1573.2527
1574.2517
1575.2515
1576.2518
1577.2515
1578.2517
1579.2512
1580.2526
1581.2527
1582.2627
1583.2531
1584.2521
1585.2517
1586.2519
1587.2513
1588.2651
1589.2529
1590.2528
1591.2527
1592.2519
1593.2518
1594.2514
1595.2518
1596.2515
1597.2527
1598.2526
1599.2529
1600.2514
1601.2443
1602.2517
1603.2518
1604.2519
1605.2529
1606.2529
1607.2529
1608.2519
1609.2519
1610.2521
1611.2516
1612.2515
1613.2518
1614.2528
1615.2527
1616.2530
1617.2517
1618.2522
1619.2517
1620.2518
1621.2524
1622.2525
1623.2530
1624.2528
1625.2526
1626.2518
1627.2515
1628.2520
1629.2534
1630.2517
1631.2527
1632.2523
1633.2526
1634.2514
1635.2518
1636.2519
1637.2519
1638.2515
1639.2515
1640.2527
1641.2527
1642.2529
1643.2519
1644.2517
1645.2517
1646.2548
1647.2523
1648.2530
1649.2529
1650.2530
1651.2528
1652.2522
1653.2517
1654.2516
1655.2519
1656.2517
1657.2528
1658.2526
1659.2528
1660.2523
1661.2518
1662.2518
1663.2519
1664.2519
1665.2529
1666.2527
1667.2529
1668.2529
1669.2518
1670.2514
1671.2517
1672.2517
1673.2480
1674.2530
1675.2528
1676.2527
1677.2515
1678.2518
1679.2521
1680.2518
1681.2522
1682.2454
1683.2528
1684.2529
1685.2523
1686.2517
1687.2519
1688.2522
1689.2518
1690.2546
1691.2539
1692.2525
1693.2529
1694.2518
1695.2521
1696.2522
1697.2515
1698.2525
1699.2506
1700.2529
1701.2530
1702.2530
1703.2519
1704.2519
1705.2515
1706.2518
1707.2518
1708.2527
1709.2559
1710.2529
1711.2531
1712.2499
1713.2521
1714.2519
1715.2519
1716.2519
1717.2529
1718.2530
1719.2531
1720.2519
1721.2516
1722.2522
1723.2519
1724.2518
1725.2529
1726.2531
1727.2495
1728.2531
1729.2521
1730.2520
1731.2519
1732.2519
1733.2519
1734.2531
1735.2485
1736.2529
1737.2517
1738.2528
1739.2528
1740.2529
1741.2529
1742.2517
1743.2525
1744.2529
1745.2629
1746.2527
1747.2518
1748.2518
1749.2523
1750.2545
1751.2531
1752.2528
1753.2611
1754.2521
1755.2524
1756.2517
1757.2517
1758.2517
1759.2518
1760.2529
1761.2529
1762.2529
1763.2519
1764.2519
1765.2518
1766.2515
1767.2520
1768.2528
1769.2531
1770.2490
1771.2534
1772.2519
1773.2485
1774.2518
1775.2521
1776.2521
1777.2529
1778.2530
1779.2593
1780.2519
1781.2515
1782.2517
1783.2522
1784.2519
1785.2529
1786.2529
1787.2530
1788.2517
1789.2522
1790.2523
1791.2521
1792.2523
1793.2523
1794.2532
1795.2533
1796.2529
1797.2518
1798.2523
1799.2518
1800.2519
1801.2518
1802.2519
1803.2530
1804.2531
1805.2531
1806.2513
1807.2517
1808.2522
1809.2522
1810.2530
1811.2527
1812.2532
1813.2531
1814.2515
1815.2527
1816.2528
1817.2529
1818.2530
1819.2519
1820.2528
1821.2529
1822.2527
1823.2460
1824.2529
1825.2528
1826.2528
1827.2529
1828.2529
1829.2530
1830.2528
1831.2529
1832.2515
1833.2517
1834.2517
1835.2518
1836.2517
1837.2529
1838.2528
1839.2527
1840.2518
1841.2514
1842.2517
1843.2518
1844.2517
1845.2534
1846.2527
1847.2526
1848.2527
1849.2503
1850.2517
1851.2517
1852.2518
1853.2508
1854.2527
1855.2529
1856.2529
1857.2529
1858.2523
1859.2522
1860.2525
1861.2525
1862.2512
1863.2534
1864.2532
1865.2496
1866.2519
1867.2523
1868.2515
1869.2517
1870.2518
1871.2529
1872.2530
1873.2529
1874.2530
1875.2519
1876.2519
1877.2519
1878.2519
1879.2521
1880.2529
1881.2529
1882.2591
1883.2516
1884.2517
1885.2519
1886.2518
1887.2518
1888.2531
1889.2529
1890.2530
1891.2619
1892.2523
1893.2531
1894.2554
1895.2530
1896.2529
1897.2529
1898.2571
1899.2528
1900.2518
1901.2518
1902.2519
1903.2514
1904.2518
1905.2518
1906.2529
1907.2529
1908.2525
1909.2516
1910.2570
1911.2518
1912.2517
1913.2518
1914.2528
1915.2530
1916.2531
1917.2522
1918.2443
1919.2521
1920.2521
1921.2523
1922.2512
1923.2534
1924.2530
1925.2519
1926.2524
1927.2515
1928.2513
1929.2518
1930.2520
1931.2527
1932.2519
1933.2529
1934.2530
1935.2512
1936.2521
1937.2519
1938.2521
1939.2517
1940.2529
1941.2530
1942.2529
1943.2519
1944.2519
1945.2518
1946.2518
1947.2525
1948.2528
1949.2529
1950.2529
1951.2525
1952.2516
1953.2527
1954.2527
1955.2526
1956.2537
1957.2529
1958.2529
1959.2547
1960.2527
1961.2518
1962.2522
1963.2526
1964.2513
1965.2517
1966.2527
1967.2510
1968.2496
1969.2521
1970.2519
1971.2516
1972.2518
1973.2551
1974.2531
1975.2529
1976.2522
1977.2522
1978.2529
1979.2529
1980.2529
1981.2529
1982.2518
1983.2529
1984.2523
1985.2517
1986.2526
1987.2529
1988.2526
1989.2529
1990.2517
1991.2530
1992.2569
1993.2524
1994.2527
1995.2519
1996.2517
1997.2515
1998.2515
1999.2517
2000.2485
2001.2529
2002.2528
2003.2521
2004.2519
2005.2515
2006.2519
2007.2523
2008.2554
2009.2530
2010.2526
2011.2517
2012.2515
2013.2516
2014.2516
2015.2516
2016.2515
2017.2527
2018.2528
2019.2525
2020.2519
2021.2517
2022.2519
2023.2517
2024.2515
2025.2526
2026.2527
2027.2528
2028.2529
2029.2519
2030.2519
2031.2518
2032.2487
2033.2518
2034.2526
2035.2530
2036.2529
2037.2512
2038.2517
2039.2519
2040.2503
2041.2525
2042.2523
2043.2530
2044.2528
2045.2526
2046.2514
2047.2519
2048.2521
2049.2515
2050.2515
2051.2526
2052.2527
2053.2527
2054.2526
2055.2517
2056.2515
2057.2594
2058.2516
2059.2516
2060.2528
2061.2527
2062.2523
2063.2516
2064.2512
2065.2515
2066.2517
2067.2513
2068.2526
2069.2526
2070.2524
2071.2529
2072.2503
2073.2517
2074.2514
2075.2515
2076.2517
2077.2528
2078.2525
2079.2527
2080.2517
2081.2529
2082.2517
2083.2518
2084.2521
2085.2528
2086.2521
2087.2529
2088.2528
2089.2517
2090.2515
2091.2515
2092.2514
2093.2513
2094.2526
2095.2517
2096.2523
2097.2518
2098.2521
2099.2511
2100.2515
2101.2515
2102.2514
2103.2526
2104.2526
2105.2525
2106.2546
2107.2576
2108.2512
2109.2517
2110.2527
2111.2527
2112.2527
2113.2526
2114.2528
2115.2527
2116.2527
2117.2534
2118.2528
2119.2518
2120.2527
2121.2525
2122.2527
2123.2529
2124.2524
2125.2525
2126.2525
2127.2515
2128.2525
2129.2523
2130.2525
2131.2527
2132.2511
2133.2526
2134.2526
2135.2526
2136.2515
2137.2522
2138.2522
2139.2527
2140.2535
2141.2523
2142.2525
2143.2523
2144.2526
2145.2527
2146.2524
2147.2526
2148.2525
2149.2525
2150.2524
2151.2526
2152.2526
2153.2503
2154.2523
2155.2523
2156.2522
2157.2491
2158.2524
2159.2522
2160.2523
2161.2527
2162.2517
2163.2523
2164.2525
2165.2523
