=~=~=~=~=~=~=~=~=~=~=~= PuTTY log 2024.04.23 18:11:05 =~=~=~=~=~=~=~=~=~=~=~=
88.2549
89.2514
90.2522
91.2524
92.2512
93.2515
94.2513
95.2516
96.2528
97.2503
98.2519
99.2527
ets Jun  8 2016 00:22:57

rst:0x1 (POWERON_RESET),boot:0x13 (SPI_FAST_FLASH_BOOT)
configsip: 0, SPIWP:0xee
clk_drv:0x00,q_drv:0x00,d_drv:0x00,cs0_drv:0x00,hd_drv:0x00,wp_drv:0x00
mode:DIO, clock div:1
load:0x3fff0030,len:1344
load:0x40078000,len:13864
load:0x40080400,len:3608
entry 0x400805f0
Connecting to WiFi..
Connected to the WiFi network
The client TEST-657d30c58 connects to the public mqtt broker
Public emqx mqtt broker connected
1.2522
2.2517
3.2519
4.2518
5.2515
6.2525
7.2526
8.2521
9.2615
10.2513
11.2515
12.2517
13.2516
14.2491
15.2527
16.2528
17.2524
18.2517
19.2517
20.2512
21.2515
22.2518
23.2517
24.2526
25.2525
26.2526
27.2512
28.2513
29.2514
30.2515
31.2519
32.2529
33.2526
34.2530
35.2529
36.2516
37.2514
38.2517
39.2512
40.2514
41.2523
42.2524
43.2523
44.2513
45.2512
46.2511
47.2505
48.2501
49.2511
50.2512
51.2512
52.2512
53.2499
54.2498
55.2495
56.2495
57.2499
58.2507
59.2507
60.2510
61.2501
62.2506
63.2502
64.2499
65.2497
66.2503
67.2505
68.2505
69.2508
70.2496
71.2554
72.2496
73.2496
74.2497
75.2502
76.2503
77.2509
78.2502
79.2421
80.2495
81.2499
82.2498
83.2496
84.2491
85.2480
86.2437
87.2361
88.2433
89.2435
90.2436
91.2437
92.2443
93.2423
94.2421
95.2384
96.2402
97.2406
98.2402
99.2407
100.2413
101.2423
102.2419
103.2418
104.2399
105.2407
106.2405
107.2406
108.2407
109.2416
110.2416
111.2381
112.2362
113.2354
114.2366
115.2367
116.2369
117.2371
118.2387
119.2389
120.2394
121.2387
122.2384
123.2384
124.2385
125.2384
126.2386
127.2361
128.2395
129.2394
130.2385
131.2384
132.2384
133.2368
134.2384
135.2393
136.2394
137.2394
138.2384
139.2384
140.2384
141.2385
142.2385
143.2384
144.2394
145.2397
146.2425
147.2385
148.2384
149.2384
150.2384
151.2384
152.2391
153.2395
154.2392
155.2397
156.2384
157.2385
158.2384
159.2386
160.2384
161.2395
162.2391
163.2393
164.2387
165.2384
166.2386
167.2384
168.2385
169.2397
170.2397
171.2406
172.2397
173.2384
174.2385
175.2386
176.2384
177.2389
178.2397
179.2391
180.2377
181.2379
182.2378
183.2381
184.2379
185.2381
186.2380
187.2387
188.2385
189.2390
190.2389
191.2382
192.2379
193.2381
194.2375
195.2388
196.2387
197.2399
198.2381
199.2382
200.2374
201.2378
202.2375
203.2369
204.2369
205.2369
206.2371
207.2360
208.2367
209.2368
210.2368
211.2376
212.2379
213.2378
214.2379
215.2381
216.2369
217.2369
218.2369
219.2369
220.2368
221.2375
222.2377
223.2379
224.2368
225.2369
226.2290
227.2240
228.2227
229.2265
230.2283
231.2287
232.2290
233.2279
234.2285
235.2288
236.2268
237.2288
238.2294
239.2295
240.2292
241.2288
242.2287
243.2286
244.2288
245.2283
246.2288
247.2295
248.2293
249.2293
250.2286
251.2287
252.2283
253.2286
254.2278
255.2292
256.2290
257.2291
258.2284
259.2287
260.2287
261.2286
262.2286
263.2224
264.2304
265.2379
266.2327
267.2288
268.2285
269.2282
270.2283
271.2283
272.2289
273.2288
274.2288
275.2289
276.2283
277.2288
278.2286
279.2285
280.2273
281.2279
282.2278
283.2282
284.2279
285.2282
286.2283
287.2278
288.2279
289.2288
290.2277
291.2274
292.2275
293.2274
294.2275
295.2273
296.2273
297.2265
298.2270
299.2269
300.2274
301.2263
302.2241
303.2253
304.2254
305.2252
306.2235
307.2229
308.2217
309.2211
310.2192
311.2176
312.2164
313.2157
314.2151
315.2160
316.2160
317.2158
318.2144
319.2141
320.2137
321.2139
322.2135
323.2132
324.2144
325.2143
326.2141
327.2136
328.2135
329.2132
330.2128
331.2129
332.2139
333.2131
334.2134
335.2135
336.2141
337.2127
338.2127
339.2127
340.2128
341.2131
342.2131
343.2131
344.2122
345.2214
346.2120
347.2118
348.2117
349.2127
350.2125
351.2128
352.2127
353.2115
354.2117
355.2117
356.2112
357.2112
358.2115
359.2114
360.2112
361.2107
362.2105
363.2098
364.2096
365.2097
366.2097
367.2105
368.2097
369.2102
370.2092
371.2093
372.2085
373.2119
374.2087
375.2083
376.2078
377.2076
378.2074
379.2070
380.2064
381.2063
382.2059
383.2034
384.1983
385.2045
386.2042
387.2038
388.2032
389.2021
390.2026
391.2018
392.2026
393.2023
394.2018
395.2017
396.2018
397.2018
398.2011
399.2011
400.2001
401.2006
402.2005
403.2000
404.2000
405.1999
406.1995
407.1998
408.1999
409.1997
410.1989
411.2030
412.1989
413.1985
414.1983
415.1982
416.1975
417.1968
418.1968
419.1968
420.1968
421.1943
422.1951
423.1950
424.1950
425.1948
426.1943
427.1951
428.1942
429.1936
430.1853
431.1922
432.1920
433.1917
434.1901
435.1907
436.1907
437.1899
438.1887
439.1870
440.1873
441.1871
442.1873
443.1872
444.1877
445.1871
446.1872
447.1869
448.1856
449.1855
450.1851
451.1854
452.1846
453.1840
454.1842
455.1835
456.1834
457.1859
458.1810
459.1824
460.1823
461.1829
462.1823
463.1825
464.1810
465.1808
466.1809
467.1807
468.1807
469.1808
470.1808
471.1807
472.1808
473.1803
474.1802
475.1798
476.1798
477.1801
478.1802
479.1801
480.1802
481.1795
482.1787
483.1786
484.1780
485.1776
486.1776
487.1779
488.1776
489.1774
490.1758
491.1761
492.1755
493.1752
494.1749
495.1663
496.1739
497.1735
498.1728
499.1722
500.1715
501.1712
502.1706
503.1696
504.1695
505.1678
506.1684
507.1681
508.1676
509.1671
510.1664
511.1653
512.1654
513.1654
514.1651
515.1648
516.1635
517.1630
518.1627
519.1622
520.1622
521.1629
522.1629
523.1714
524.1616
525.1617
526.1616
527.1616
528.1613
529.1617
530.1616
531.1615
532.1615
533.1605
534.1607
535.1612
536.1607
537.1601
538.1609
539.1607
540.1611
541.1602
542.1606
543.1605
544.1605
545.1606
546.1598
547.1603
548.1603
549.1602
550.1600
551.1565
552.1600
553.1600
554.1600
555.1598
556.1600
557.1597
558.1599
559.1632
560.1598
561.1598
562.1596
563.1587
564.1598
565.1596
566.1595
567.1598
568.1595
569.1593
570.1594
571.1591
572.1597
573.1596
574.1598
575.1598
576.1586
577.1596
578.1587
579.1585
580.1589
581.1595
582.1591
583.1595
584.1584
585.1585
586.1584
587.1584
588.1584
589.1590
590.1588
591.1590
592.1593
593.1584
594.1585
595.1569
596.1584
597.1582
598.1587
599.1588
600.1589
601.1510
602.1584
603.1588
604.1587
605.1588
606.1583
607.1586
608.1586
609.1585
610.1584
611.1585
612.1584
613.1586
614.1584
615.1584
616.1584
617.1584
618.1584
619.1583
620.1578
621.1584
622.1583
623.1573
624.1584
625.1582
626.1579
627.1581
628.1581
629.1581
630.1581
631.1571
632.1582
633.1579
634.1579
635.1579
636.1579
637.1579
638.1579
639.1578
640.1571
641.1573
642.1578
643.1577
644.1579
645.1577
646.1575
647.1578
648.1577
649.1579
650.1575
651.1578
652.1578
653.1578
654.1587
655.1575
656.1574
657.1570
658.1574
659.1578
660.1574
661.1569
662.1567
663.1569
664.1515
665.1569
666.1601
667.1578
668.1575
669.1574
670.1600
671.1568
672.1567
673.1572
674.1568
675.1577
676.1578
677.1578
678.1579
679.1568
680.1569
681.1570
682.1569
683.1569
684.1574
685.1574
686.1572
687.1573
688.1552
689.1563
690.1573
691.1564
692.1570
693.1574
694.1568
695.1573
696.1571
697.1571
698.1570
699.1573
700.1571
701.1569
702.1573
703.1569
704.1569
705.1569
706.1568
707.1568
708.1571
709.1559
710.1569
711.1567
712.1566
713.1568
714.1570
715.1569
716.1566
717.1571
718.1565
719.1570
720.1569
721.1563
722.1562
723.1566
724.1562
725.1565
726.1560
727.1568
728.1568
729.1546
730.1559
731.1561
732.1559
733.1557
734.1557
735.1568
736.1567
737.1567
738.1569
739.1552
740.1682
741.1561
742.1559
743.1558
744.1568
745.1568
746.1566
747.1562
748.1561
749.1561
750.1559
751.1562
752.1567
753.1569
754.1566
755.1569
756.1561
757.1561
758.1611
759.1561
760.1562
761.1568
762.1568
763.1568
764.1559
765.1562
766.1559
767.1560
768.1558
769.1552
770.1567
771.1565
772.1567
773.1558
774.1561
775.1560
776.1552
777.1558
778.1566
779.1566
780.1566
781.1558
782.1557
783.1555
784.1553
785.1487
786.1558
787.1565
788.1564
789.1566
790.1557
791.1555
792.1558
793.1599
794.1556
795.1563
796.1565
797.1563
798.1565
799.1555
800.1554
801.1554
802.1553
803.1557
804.1581
805.1562
806.1562
807.1554
808.1555
809.1554
810.1555
811.1553
812.1561
813.1561
814.1562
815.1562
816.1552
817.1555
818.1554
819.1555
820.1545
821.1564
822.1555
823.1562
824.1554
825.1554
826.1552
827.1488
828.1554
829.1554
830.1563
831.1562
832.1520
833.1552
834.1555
835.1545
836.1563
837.1562
838.1552
839.1562
840.1558
841.1554
842.1552
843.1552
844.1552
845.1555
846.1554
847.1559
848.1560
849.1559
850.1552
851.1552
852.1553
853.1552
854.1552
855.1555
856.1556
857.1557
858.1557
859.1565
860.1524
861.1550
862.1552
863.1550
864.1556
865.1555
866.1553
867.1535
868.1551
869.1552
870.1552
871.1547
872.1555
873.1557
874.1555
875.1558
876.1552
877.1552
878.1550
879.1552
880.1552
881.1559
882.1558
883.1559
884.1552
885.1552
886.1552
887.1550
888.1582
889.1552
890.1558
891.1555
892.1559
893.1552
894.1551
895.1552
896.1551
897.1528
898.1553
899.1554
900.1553
901.1550
902.1552
903.1552
904.1550
905.1549
906.1551
907.1553
908.1554
909.1553
910.1552
911.1551
912.1551
913.1551
914.1549
915.1555
916.1554
917.1555
918.1555
919.1552
920.1552
921.1552
922.1552
923.1551
924.1556
925.1557
926.1555
927.1552
928.1551
929.1552
930.1552
931.1546
932.1494
933.1555
934.1555
935.1555
936.1550
937.1548
938.1550
939.1548
940.1552
941.1554
942.1552
943.1555
944.1549
945.1549
946.1549
947.1520
948.1516
949.1551
950.1553
951.1556
952.1554
953.1547
954.1550
955.1552
956.1552
957.1550
958.1555
959.1555
960.1555
961.1550
962.1551
963.1551
964.1551
965.1549
966.1553
967.1667
968.1552
969.1555
970.1510
971.1550
972.1505
973.1550
974.1550
975.1557
976.1553
977.1553
978.1552
979.1550
980.1551
981.1547
982.1552
983.1547
984.1552
985.1553
986.1552
987.1552
988.1545
989.1550
990.1550
991.1550
992.1552
993.1553
994.1555
995.1552
996.1535
997.1549
998.1547
999.1531
1000.1548
1001.1553
1002.1553
1003.1552
1004.1501
1005.1547
1006.1545
1007.1549
1008.1548
1009.1552
1010.1552
1011.1552
1012.1552
1013.1547
1014.1543
1015.1535
1016.1535
1017.1549
1018.1552
1019.1552
1020.1549
1021.1561
1022.1542
1023.1543
1024.1606
1025.1546
1026.1545
1027.1551
1028.1551
1029.1552
1030.1545
1031.1547
1032.1543
1033.1551
1034.1543
1035.1551
1036.1552
1037.1552
1038.1552
1039.1531
1040.1545
1041.1545
1042.1546
1043.1546
1044.1552
1045.1559
1046.1552
1047.1545
1048.1572
1049.1546
1050.1543
1051.1547
1052.1552
1053.1553
1054.1551
1055.1552
1056.1543
1057.1543
1058.1543
1059.1535
1060.1549
1061.1552
1062.1545
1063.1551
1064.1535
1065.1534
1066.1520
1067.1542
1068.1545
1069.1549
1070.1550
1071.1549
1072.1520
1073.1646
1074.1545
1075.1542
1076.1542
1077.1543
1078.1551
1079.1549
1080.1552
1081.1547
1082.1544
1083.1545
1084.1543
1085.1488
1086.1535
1087.1551
1088.1550
1089.1563
1090.1542
1091.1546
1092.1546
1093.1544
1094.1543
1095.1552
1096.1552
1097.1565
1098.1544
1099.1546
1100.1549
1101.1549
1102.1580
1103.1550
1104.1551
1105.1552
1106.1552
1107.1543
1108.1546
1109.1543
1110.1547
1111.1535
1112.1549
1113.1551
1114.1549
1115.1558
1116.1547
1117.1543
1118.1535
1119.1545
1120.1535
1121.1542
1122.1455
1123.1550
1124.1535
1125.1542
1126.1543
1127.1535
1128.1546
1129.1551
1130.1552
1131.1545
1132.1552
1133.1545
1134.1535
1135.1547
1136.1547
1137.1548
1138.1551
1139.1552
1140.1552
1141.1545
1142.1546
1143.1546
1144.1546
1145.1507
1146.1552
1147.1551
1148.1550
1149.1545
1150.1535
1151.1545
1152.1543
1153.1543
1154.1547
1155.1552
1156.1551
1157.1552
1158.1535
1159.1543
1160.1522
1161.1542
1162.1543
1163.1546
1164.1551
1165.1552
1166.1552
1167.1545
1168.1543
1169.1551
1170.1488
1171.1545
1172.1552
1173.1552
1174.1552
1175.1553
1176.1543
1177.1545
1178.1545
1179.1518
1180.1546
1181.1552
1182.1552
1183.1550
1184.1516
1185.1543
1186.1535
1187.1535
1188.1535
1189.1501
1190.1549
1191.1549
1192.1548
1193.1535
1194.1535
1195.1535
1196.1535
1197.1535
1198.1549
1199.1547
1200.1535
1201.1535
1202.1542
1203.1535
1204.1543
1205.1535
1206.1551
1207.1546
1208.1549
1209.1545
1210.1535
1211.1535
1212.1535
1213.1530
1214.1494
1215.1552
1216.1550
1217.1552
1218.1551
1219.1535
1220.1546
1221.1535
1222.1543
1223.1535
1224.1552
1225.1550
1226.1550
1227.1543
1228.1549
1229.1546
1230.1535
1231.1548
1232.1552
1233.1605
1234.1550
1235.1545
1236.1535
1237.1533
1238.1526
1239.1535
1240.1545
1241.1549
1242.1547
1243.1549
1244.1528
1245.1535
1246.1535
1247.1535
1248.1535
1249.1545
1250.1546
1251.1546
1252.1534
1253.1535
1254.1542
1255.1535
1256.1543
1257.1485
1258.1665
1259.1545
1260.1547
1261.1535
1262.1561
1263.1534
1264.1535
1265.1535
1266.1545
1267.1547
1268.1546
1269.1546
1270.1529
1271.1535
1272.1534
1273.1535
1274.1535
1275.1547
1276.1546
1277.1677
1278.1535
1279.1535
1280.1535
1281.1535
1282.1535
1283.1547
1284.1551
1285.1550
1286.1552
1287.1543
1288.1543
1289.1535
1290.1535
1291.1545
1292.1547
1293.1552
1294.1550
1295.1535
1296.1535
1297.1535
1298.1535
1299.1533
1300.1532
1301.1547
1302.1548
1303.1546
1304.1535
1305.1535
1306.1534
1307.1526
1308.1535
1309.1552
1310.1580
1311.1546
1312.1534
1313.1535
1314.1535
1315.1535
1316.1663
1317.1535
1318.1535
1319.1552
1320.1543
1321.1513
1322.1497
1323.1535
1324.1535
1325.1535
1326.1547
1327.1545
1328.1546
1329.1499
1330.1533
1331.1535
1332.1532
1333.1533
1334.1535
1335.1547
1336.1547
1337.1546
1338.1533
1339.1532
1340.1533
1341.1533
1342.1535
1343.1546
1344.1547
1345.1550
1346.1547
1347.1544
1348.1542
1349.1548
1350.1566
1351.1531
1352.1542
1353.1547
1354.1542
1355.1532
1356.1531
1357.1533
1358.1534
1359.1530
1360.1545
1361.1543
1362.1535
1363.1545
1364.1533
1365.1533
1366.1533
1367.1533
1368.1574
1369.1546
1370.1547
1371.1546
1372.1549
1373.1534
1374.1534
1375.1535
1376.1535
1377.1547
1378.1547
1379.1545
1380.1547
1381.1530
1382.1535
1383.1535
1384.1534
1385.1535
1386.1547
1387.1542
1388.1529
1389.1534
1390.1535
1391.1533
1392.1533
1393.1533
1394.1535
1395.1545
1396.1547
1397.1549
1398.1533
1399.1535
1400.1534
1401.1534
1402.1535
1403.1547
1404.1545
1405.1543
1406.1551
1407.1533
1408.1535
1409.1535
1410.1542
1411.1528
1412.1547
1413.1552
1414.1546
1415.1535
1416.1535
1417.1535
1418.1535
1419.1534
1420.1534
1421.1547
1422.1542
1423.1549
1424.1532
1425.1533
1426.1532
1427.1531
1428.1533
1429.1545
1430.1535
1431.1546
1432.1546
1433.1534
1434.1535
1435.1533
1436.1533
1437.1534
1438.1545
1439.1547
1440.1548
1441.1535
1442.1542
1443.1533
1444.1638
1445.1535
1446.1547
1447.1549
1448.1543
1449.1545
1450.1530
1451.1533
1452.1533
1453.1532
1454.1531
1455.1545
1456.1542
1457.1546
1458.1533
1459.1534
1460.1534
1461.1534
1462.1548
1463.1547
1464.1546
1465.1547
1466.1555
1467.1546
1468.1545
1469.1546
1470.1543
1471.1535
1472.1543
1473.1547
1474.1547
1475.1533
1476.1535
1477.1533
1478.1531
1479.1531
1480.1535
1481.1548
1482.1543
1483.1546
1484.1533
1485.1535
1486.1535
1487.1534
1488.1532
1489.1546
1490.1545
1491.1546
1492.1548
1493.1533
1494.1531
1495.1534
1496.1535
1497.1533
1498.1545
1499.1542
1500.1543
1501.1549
1502.1531
1503.1535
1504.1529
1505.1530
1506.1543
1507.1543
1508.1541
1509.1546
1510.1531
1511.1535
1512.1506
1513.1546
1514.1534
1515.1543
1516.1515
1517.1546
1518.1545
1519.1543
1520.1543
1521.1542
1522.1535
1523.1545
1524.1543
1525.1523
1526.1503
1527.1542
1528.1543
1529.1543
1530.1535
1531.1531
1532.1543
1533.1545
1534.1535
1535.1529
1536.1534
1537.1529
1538.1531
1539.1528
1540.1527
1541.1535
1542.1541
1543.1535
1544.1535
1545.1529
1546.1532
1547.1531
1548.1526
1549.1535
1550.1535
1551.1541
1552.1543
1553.1534
1554.1532
1555.1546
1556.1547
1557.1533
1558.1535
1559.1545
1560.1545
1561.1542
1562.1531
1563.1534
1564.1535
1565.1533
1566.1543
1567.1542
1568.1521
1569.1546
1570.1532
1571.1530
1572.1531
1573.1535
1574.1525
1575.1535
1576.1535
1577.1535
1578.1531
1579.1531
1580.1533
1581.1529
1582.1530
1583.1535
1584.1535
1585.1542
1586.1532
1587.1532
1588.1527
1589.1531
1590.1535
1591.1509
1592.1542
1593.1542
1594.1544
1595.1546
1596.1533
1597.1533
1598.1531
1599.1531
1600.1534
1601.1543
1602.1542
1603.1533
1604.1535
1605.1527
1606.1532
1607.1530
1608.1531
1609.1543
1610.1543
1611.1535
1612.1542
1613.1531
1614.1531
1615.1532
1616.1532
1617.1530
1618.1549
1619.1535
1620.1491
1621.1535
1622.1529
1623.1531
1624.1531
1625.1529
1626.1535
1627.1535
1628.1535
1629.1533
1630.1529
1631.1530
1632.1527
1633.1529
1634.1534
1635.1535
1636.1535
1637.1543
1638.1527
1639.1527
1640.1530
1641.1527
1642.1531
1643.1532
1644.1535
1645.1535
1646.1543
1647.1533
1648.1533
1649.1532
1650.1532
1651.1519
1652.1535
1653.1535
1654.1542
1655.1543
1656.1542
1657.1545
1658.1541
1659.1535
1660.1535
1661.1535
1662.1535
1663.1535
1664.1535
1665.1535
1666.1541
1667.1535
1668.1535
1669.1535
1670.1535
1671.1535
1672.1469
1673.1535
1674.1533
1675.1535
1676.1535
1677.1524
1678.1525
1679.1533
1680.1535
1681.1532
1682.1504
1683.1526
1684.1554
1685.1527
1686.1523
1687.1533
1688.1546
1689.1533
1690.1526
1691.1527
1692.1525
1693.1526
1694.1520
1695.1534
1696.1535
1697.1535
1698.1526
1699.1526
1700.1529
1701.1531
1702.1529
1703.1553
1704.1527
1705.1514
1706.1535
1707.1533
1708.1528
1709.1533
1710.1531
1711.1530
1712.1535
1713.1535
1714.1552
1715.1535
1716.1531
1717.1529
1718.1527
1719.1527
1720.1527
1721.1534
1722.1534
1723.1551
1724.1526
1725.1523
1726.1529
1727.1526
1728.1529
1729.1535
1730.1551
1731.1535
1732.1535
1733.1527
1734.1531
1735.1529
1736.1503
1737.1530
1738.1535
1739.1542
1740.1541
1741.1531
1742.1532
1743.1527
1744.1531
1745.1527
1746.1526
1747.1535
1748.1535
1749.1535
1750.1530
1751.1527
1752.1527
1753.1525
1754.1529
1755.1534
1756.1534
1757.1534
1758.1527
1759.1527
1760.1526
1761.1525
1762.1525
1763.1524
1764.1535
1765.1533
1766.1534
1767.1527
1768.1525
1769.1526
1770.1526
1771.1546
1772.1533
1773.1533
1774.1533
1775.1534
1776.1527
1777.1523
1778.1525
1779.1525
1780.1527
1781.1509
1782.1533
1783.1535
1784.1531
1785.1529
1786.1524
1787.1526
1788.1529
1789.1535
1790.1533
1791.1534
1792.1535
1793.1535
1794.1533
1795.1533
1796.1534
1797.1526
1798.1533
1799.1534
1800.1533
1801.1527
1802.1520
1803.1526
1804.1527
1805.1523
1806.1526
1807.1535
1808.1535
1809.1534
1810.1530
1811.1533
1812.1529
1813.1527
1814.1520
1815.1535
1816.1534
1817.1535
1818.1529
1819.1527
1820.1527
1821.1475
1822.1524
1823.1527
1824.1534
1825.1534
1826.1535
1827.1533
1828.1534
1829.1532
1830.1535
1831.1527
1832.1534
1833.1533
1834.1533
1835.1530
1836.1525
1837.1525
1838.1526
1839.1523
1840.1526
1841.1531
1842.1531
1843.1533
1844.1531
1845.1522
1846.1525
1847.1525
1848.1523
1849.1535
1850.1535
1851.1534
1852.1546
1853.1527
1854.1529
1855.1529
1856.1529
1857.1563
1858.1535
1859.1535
1860.1535
1861.1531
1862.1529
1863.1529
1864.1531
1865.1530
1866.1527
1867.1535
1868.1535
1869.1534
1870.1525
1871.1564
1872.1527
1873.1525
1874.1526
1875.1535
1876.1533
1877.1533
1878.1535
1879.1527
1880.1525
1881.1659
1882.1529
1883.1525
1884.1533
1885.1535
1886.1535
1887.1533
1888.1534
1889.1535
1890.1533
1891.1526
1892.1535
1893.1532
1894.1584
1895.1535
1896.1525
1897.1526
1898.1527
1899.1523
1900.1527
1901.1531
1902.1531
1903.1543
1904.1525
1905.1524
1906.1526
1907.1526
1908.1526
1909.1535
1910.1535
1911.1534
1912.1533
1913.1524
1914.1525
1915.1522
1916.1533
1917.1530
1918.1531
1919.1533
1920.1534
1921.1528
1922.1531
1923.1529
1924.1529
1925.1525
1926.1531
1927.1535
1928.1531
1929.1533
1930.1523
1931.1523
1932.1520
1933.1523
1934.1526
1935.1534
1936.1535
1937.1533
1938.1529
1939.1526
1940.1524
1941.1533
1942.1526
1943.1523
1944.1535
1945.1533
1946.1520
1947.1523
1948.1525
1949.1522
1950.1524
1951.1525
1952.1532
1953.1532
1954.1533
1955.1534
1956.1521
1957.1527
1958.1527
1959.1531
1960.1556
1961.1535
1962.1535
1963.1534
1964.1525
1965.1525
1966.1526
1967.1526
1968.1525
1969.1531
1970.1546
1971.1534
1972.1535
1973.1529
1974.1530
1975.1529
1976.1531
1977.1529
1978.1535
1979.1535
1980.1525
1981.1527
1982.1527
1983.1525
1984.1526
1985.1527
1986.1525
1987.1533
1988.1532
1989.1526
1990.1502
1991.1521
1992.1523
1993.1527
1994.1525
1995.1531
1996.1533
1997.1531
1998.1531
1999.1485
2000.1527
2001.1527
2002.1529
2003.1526
2004.1534
2005.1534
2006.1535
2007.1530
2008.1530
2009.1529
2010.1531
2011.1534
2012.1535
2013.1535
2014.1551
2015.1535
2016.1527
2017.1527
2018.1526
2019.1570
2020.1523
2021.1535
2022.1535
2023.1533
2024.1527
2025.1526
2026.1527
2027.1531
2028.1525
2029.1552
2030.1534
2031.1532
2032.1526
2033.1523
2034.1529
2035.1526
2036.1524
2037.1526
2038.1526
2039.1533
2040.1534
2041.1534
2042.1523
2043.1525
2044.1523
2045.1521
2046.1525
2047.1531
2048.1533
2049.1530
2050.1523
2051.1524
2052.1526
2053.1525
2054.1526
2055.1530
2056.1530
2057.1531
2058.1525
2059.1526
2060.1524
2061.1521
2062.1523
2063.1523
2064.1526
2065.1533
2066.1533
2067.1525
2068.1531
2069.1524
2070.1525
2071.1526
2072.1533
2073.1552
2074.1533
2075.1535
2076.1526
2077.1525
2078.1527
2079.1526
2080.1525
2081.1535
2082.1562
2083.1534
2084.1527
2085.1526
2086.1527
2087.1527
2088.1527
2089.1535
2090.1535
2091.1535
2092.1576
2093.1525
2094.1525
2095.1526
2096.1527
2097.1526
2098.1535
2099.1535
2100.1534
2101.1527
2102.1525
2103.1523
2104.1527
2105.1523
2106.1522
2107.1533
2108.1531
2109.1531
2110.1507
2111.1522
2112.1547
2113.1519
2114.1522
2115.1532
2116.1530
2117.1531
2118.1523
2119.1523
2120.1488
2121.1524
2122.1520
2123.1523
2124.1534
2125.1535
2126.1531
2127.1533
2128.1535
2129.1531
2130.1535
2131.1522
2132.1533
2133.1531
2134.1530
2135.1532
2136.1527
2137.1522
2138.1524
2139.1523
2140.1521
2141.1532
2142.1530
2143.1531
2144.1521
2145.1525
2146.1522
2147.1522
2148.1523
2149.1531
2150.1533
2151.1534
2152.1566
2153.1535
2154.1523
2155.1525
2156.1525
2157.1523
2158.1530
2159.1530
2160.1531
2161.1526
2162.1521
2163.1523
2164.1521
2165.1521
2166.1515
2167.1526
2168.1534
2169.1534
2170.1524
2171.1654
2172.1479
2173.1526
2174.1484
2175.1531
2176.1532
2177.1531
2178.1523
2179.1521
2180.1523
2181.1520
2182.1515
2183.1525
2184.1533
2185.1533
2186.1531
2187.1535
2188.1522
2189.1524
2190.1520
2191.1522
2192.1530
2193.1530
2194.1531
2195.1533
2196.1523
2197.1523
2198.1523
2199.1525
2200.1529
2201.1520
2202.1515
2203.1534
2204.1552
2205.1522
2206.1601
2207.1520
2208.1527
2209.1525
2210.1531
2211.1504
2212.1550
2213.1526
2214.1526
2215.1562
2216.1525
2217.1522
2218.1531
2219.1530
2220.1531
2221.1524
2222.1523
2223.1522
2224.1520
2225.1523
2226.1465
2227.1532
2228.1531
2229.1532
2230.1526
2231.1525
2232.1526
2233.1508
2234.1526
2235.1527
2236.1530
2237.1530
2238.1520
2239.1521
2240.1522
2241.1525
2242.1521
2243.1526
2244.1531
2245.1531
2246.1532
2247.1523
2248.1523
2249.1523
2250.1521
2251.1522
2252.1530
2253.1529
2254.1530
2255.1529
2256.1523
2257.1523
2258.1523
2259.1525
2260.1522
2261.1531
2262.1527
2263.1530
2264.1519
2265.1522
2266.1522
2267.1521
2268.1521
2269.1530
2270.1533
2271.1531
2272.1533
2273.1531
2274.1531
2275.1531
2276.1530
2277.1521
2278.1530
2279.1526
2280.1527
2281.1520
2282.1520
2283.1520
2284.1523
2285.1520
2286.1520
2287.1527
2288.1529
2289.1530
2290.1522
2291.1521
2292.1520
2293.1520
2294.1520
2295.1526
2296.1527
2297.1530
2298.1517
2299.1520
2300.1525
2301.1522
2302.1522
2303.1523
2304.1502
2305.1533
2306.1533
2307.1525
2308.1527
2309.1525
2310.1523
2311.1527
2312.1527
2313.1529
2314.1527
2315.1545
2316.1521
2317.1522
2318.1521
2319.1522
2320.1522
2321.1531
2322.1532
2323.1535
2324.1535
2325.1522
2326.1523
2327.1523
2328.1523
2329.1531
2330.1529
2331.1526
2332.1527
2333.1521
2334.1521
2335.1521
2336.1521
2337.1483
2338.1531
2339.1531
2340.1533
2341.1513
2342.1522
2343.1523
2344.1523
2345.1520
2346.1527
2347.1525
2348.1525
2349.1527
2350.1522
2351.1521
2352.1533
2353.1520
2354.1522
2355.1530
2356.1527
2357.1529
2358.1510
2359.1521
2360.1522
2361.1525
2362.1525
2363.1531
2364.1529
2365.1530
2366.1530
2367.1482
2368.1521
2369.1523
2370.1522
2371.1525
2372.1531
2373.1531
2374.1529
2375.1533
2376.1521
2377.1530
2378.1549
2379.1531
2380.1523
2381.1527
2382.1522
2383.1522
2384.1530
2385.1529
2386.1526
2387.1527
2388.1525
2389.1527
2390.1526
2391.1527
2392.1520
2393.1521
2394.1527
2395.1530
2396.1529
2397.1521
2398.1529
2399.1527
2400.1533
2401.1513
2402.1520
2403.1521
2404.1520
2405.1520
2406.1520
2407.1531
2408.1526
2409.1526
2410.1520
2411.1519
2412.1542
2413.1520
2414.1521
2415.1527
2416.1529
2417.1523
2418.1520
2419.1520
2420.1520
2421.1521
2422.1520
2423.1521
2424.1527
2425.1527
2426.1529
2427.1529
2428.1528
2429.1527
2430.1533
2431.1520
2432.1527
2433.1526
2434.1523
2435.1524
2436.1520
2437.1520
2438.1520
2439.1520
2440.1520
2441.1527
2442.1526
2443.1527
2444.1515
2445.1520
2446.1520
2447.1520
2448.1520
2449.1526
2450.1526
2451.1527
2452.1530
2453.1520
2454.1519
2455.1520
2456.1520
2457.1521
2458.1526
2459.1525
2460.1465
2461.1535
2462.1521
2463.1522
2464.1522
2465.1523
2466.1522
2467.1529
2468.1531
2469.1531
2470.1521
2471.1522
2472.1523
2473.1522
2474.1522
2475.1531
2476.1526
2477.1527
2478.1522
2479.1520
2480.1529
2481.1527
2482.1527
2483.1520
2484.1526
2485.1525
2486.1525
2487.1527
2488.1527
2489.1525
2490.1526
2491.1518
2492.1525
2493.1515
2494.1528
2495.1526
2496.1523
2497.1507
2498.1523
2499.1521
2500.1520
2501.1529
2502.1597
2503.1526
2504.1522
2505.1522
2506.1517
2507.1522
2508.1522
2509.1530
2510.1531
2511.1530
2512.1534
2513.1526
2514.1525
2515.1530
2516.1531
2517.1522
2518.1531
2519.1529
2520.1531
2521.1521
2522.1530
2523.1522
2524.1520
2525.1523
2526.1520
2527.1530
2528.1527
2529.1527
2530.1522
2531.1520
2532.1523
2533.1523
2534.1579
2535.1528
2536.1526
2537.1531
2538.1520
2539.1520
2540.1522
2541.1521
2542.1522
2543.1521
2544.1600
2545.1529
2546.1527
2547.1520
2548.1520
2549.1521
2550.1520
2551.1526
2552.1530
2553.1527
2554.1530
2555.1534
2556.1524
2557.1524
2558.1525
2559.1522
2560.1524
2561.1533
2562.1533
2563.1546
2564.1461
2565.1638
2566.1521
2567.1521
2568.1520
2569.1527
2570.1525
2571.1529
2572.1521
2573.1521
2574.1510
2575.1521
2576.1523
2577.1523
2578.1527
2579.1529
2580.1527
2581.1520
2582.1502
2583.1521
2584.1535
2585.1521
2586.1520
2587.1534
2588.1529
2589.1529
2590.1521
2591.1523
2592.1456
2593.1520
2594.1520
2595.1527
2596.1530
2597.1527
2598.1522
2599.1521
2600.1520
2601.1522
2602.1521
2603.1526
2604.1547
2605.1531
2606.1532
2607.1525
2608.1523
2609.1525
2610.1521
2611.1522
2612.1527
2613.1530
2614.1526
2615.1522
2616.1531
2617.1521
2618.1523
2619.1520
2620.1520
2621.1527
2622.1530
2623.1529
2624.1521
2625.1525
2626.1523
2627.1524
2628.1525
2629.1529
2630.1531
2631.1531
2632.1531
2633.1520
2634.1488
2635.1520
2636.1486
2637.1520
2638.1525
2639.1527
2640.1526
2641.1520
2642.1521
2643.1520
2644.1520
2645.1627
2646.1472
2647.1527
2648.1527
2649.1527
2650.1521
2651.1519
2652.1523
2653.1521
2654.1520
2655.1442
2656.1525
2657.1532
2658.1523
2659.1521
2660.1521
2661.1521
2662.1520
2663.1527
2664.1527
2665.1509
2666.1528
2667.1520
2668.1520
2669.1520
2670.1520
2671.1491
2672.1524
2673.1526
2674.1525
2675.1460
2676.1535
2677.1523
2678.1559
2679.1524
2680.1522
2681.1529
2682.1527
2683.1530
2684.1521
2685.1447
2686.1471
2687.1520
2688.1520
2689.1525
2690.1523
2691.1526
2692.1526
2693.1520
2694.1521
2695.1522
2696.1486
2697.1521
2698.1527
2699.1528
2700.1533
2701.1526
2702.1523
2703.1523
2704.1522
2705.1523
2706.1554
2707.1527
2708.1521
2709.1529
2710.1519
2711.1520
2712.1521
2713.1520
2714.1520
2715.1526
2716.1526
2717.1521
2718.1529
2719.1529
2720.1525
2721.1491
2722.1526
2723.1527
2724.1529
2725.1531
2726.1397
2727.1527
2728.1527
2729.1529
2730.1527
2731.1520
2732.1527
2733.1524
2734.1527
2735.1520
2736.1520
2737.1520
2738.1520
2739.1520
2740.1520
2741.1523
2742.1522
2743.1526
2744.1519
2745.1520
2746.1524
2747.1520
2748.1520
2749.1522
2750.1527
2751.1526
2752.1522
2753.1523
2754.1522
2755.1521
2756.1521
2757.1520
2758.1549
2759.1526
2760.1526
2761.1520
2762.1520
2763.1520
2764.1520
2765.1520
2766.1528
2767.1523
2768.1524
2769.1523
2770.1520
2771.1520
2772.1520
2773.1520
2774.1520
2775.1530
2776.1531
2777.1530
2778.1526
2779.1523
2780.1525
2781.1523
2782.1543
2783.1523
2784.1523
2785.1525
2786.1524
2787.1526
2788.1527
2789.1523
2790.1526
2791.1490
2792.1518
2793.1525
2794.1525
2795.1525
2796.1518
2797.1520
2798.1519
2799.1520
2800.1520
2801.1525
2802.1527
2803.1527
2804.1521
2805.1520
2806.1520
2807.1517
2808.1519
2809.1525
2810.1522
2811.1522
2812.1525
2813.1521
2814.1520
2815.1521
2816.1520
2817.1519
2818.1523
2819.1523
2820.1526
2821.1520
2822.1518
2823.1521
2824.1520
2825.1522
2826.1530
2827.1524
2828.1526
2829.1525
2830.1519
2831.1607
2832.1520
2833.1520
2834.1522
2835.1531
2836.1530
2837.1527
2838.1520
2839.1520
2840.1518
2841.1520
2842.1520
2843.1527
2844.1526
2845.1526
2846.1530
2847.1520
2848.1520
2849.1520
2850.1518
2851.1518
2852.1523
2853.1525
2854.1525
2855.1521
2856.1520
2857.1521
2858.1520
2859.1519
2860.1520
2861.1523
2862.1524
2863.1525
2864.1519
2865.1516
2866.1520
2867.1520
2868.1520
2869.1524
2870.1488
2871.1523
2872.1523
2873.1520
2874.1520
2875.1520
2876.1519
2877.1523
2878.1531
2879.1526
2880.1527
2881.1520
2882.1520
2883.1519
2884.1518
2885.1521
2886.1525
2887.1525
2888.1524
2889.1527
2890.1521
2891.1520
2892.1521
2893.1520
2894.1520
2895.1525
2896.1524
2897.1525
2898.1521
2899.1520
2900.1520
2901.1520
2902.1520
2903.1526
2904.1522
2905.1523
2906.1523
2907.1520
2908.1520
2909.1520
2910.1520
2911.1520
2912.1529
2913.1528
2914.1524
2915.1520
2916.1520
2917.1519
2918.1520
2919.1520
2920.1520
2921.1527
2922.1527
2923.1529
2924.1521
2925.1520
2926.1520
2927.1520
2928.1520
2929.1563
2930.1523
2931.1526
2932.1520
2933.1529
2934.1525
2935.1527
2936.1523
2937.1523
2938.1522
2939.1563
2940.1525
2941.1523
2942.1520
2943.1521
2944.1520
2945.1520
2946.1527
2947.1525
2948.1525
2949.1505
2950.1519
2951.1519
2952.1518
2953.1519
2954.1518
2955.1523
2956.1525
2957.1527
2958.1520
2959.1520
2960.1519
2961.1518
2962.1519
2963.1520
2964.1525
2965.1523
2966.1526
2967.1521
2968.1520
2969.1559
2970.1523
2971.1523
2972.1525
2973.1524
2974.1523
2975.1522
2976.1473
2977.1520
2978.1520
2979.1520
2980.1520
2981.1526
2982.1522
2983.1523
2984.1518
2985.1519
2986.1520
2987.1520
2988.1520
2989.1527
2990.1524
2991.1527
2992.1525
2993.1519
2994.1519
2995.1520
2996.1519
2997.1520
2998.1527
2999.1527
3000.1525
3001.1513
3002.1521
3003.1520
3004.1520
3005.1520
3006.1523
3007.1523
3008.1525
3009.1526
3010.1513
3011.1521
3012.1521
3013.1520
3014.1516
3015.1525
3016.1525
3017.1525
3018.1520
3019.1519
3020.1473
3021.1521
3022.1520
3023.1521
3024.1523
3025.1525
3026.1522
3027.1520
3028.1518
3029.1520
3030.1520
3031.1519
3032.1527
3033.1529
3034.1526
3035.1519
3036.1520
3037.1520
3038.1518
3039.1462
3040.1520
3041.1526
3042.1526
3043.1530
3044.1520
3045.1520
3046.1518
3047.1519
3048.1519
3049.1525
3050.1526
3051.1513
3052.1525
3053.1520
3054.1520
3055.1562
3056.1520
3057.1520
3058.1522
3059.1523
3060.1523
3061.1523
3062.1521
3063.1520
3064.1521
3065.1519
3066.1523
3067.1522
3068.1523
3069.1523
3070.1519
3071.1520
3072.1520
3073.1520
3074.1520
3075.1524
3076.1523
3077.1523
3078.1518
3079.1520
3080.1520
3081.1524
3082.1520
3083.1520
3084.1526
3085.1522
3086.1522
3087.1517
3088.1519
3089.1520
3090.1520
3091.1518
3092.1535
3093.1525
3094.1523
3095.1520
3096.1522
3097.1529
3098.1522
3099.1520
3100.1520
3101.1488
3102.1525
3103.1525
3104.1521
3105.1520
3106.1520
3107.1520
3108.1520
3109.1525
3110.1526
3111.1584
3112.1527
3113.1520
3114.1520
3115.1520
3116.1520
3117.1519
3118.1522
3119.1521
3120.1520
3121.1501
3122.1515
3123.1511
3124.1512
3125.1510
3126.1515
3127.1520
3128.1514
3129.1503
3130.1501
3131.1437
3132.1494
3133.1491
3134.1490
3135.1494
3136.1489
3137.1487
3138.1475
3139.1471
3140.1461
3141.1456
3142.1447
3143.1442
3144.1437
3145.1430
3146.1425
3147.1421
3148.1415
3149.1413
3150.1409
3151.1409
3152.1415
3153.1413
3154.1409
3155.1399
3156.1398
3157.1393
3158.1393
3159.1392
3160.1389
3161.1392
3162.1371
3163.1382
3164.1370
3165.1366
3166.1361
3167.1358
3168.1343
3169.1349
3170.1344
3171.1341
3172.1335
3173.1326
3174.1317
3175.1306
3176.1335
3177.1290
3178.1290
3179.1286
3180.1282
3181.1279
3182.1275
3183.1271
3184.1271
3185.1267
3186.1275
3187.1271
3188.1271
3189.1275
3190.1266
3191.1265
3192.1265
3193.1264
3194.1264
3195.1266
3196.1268
3197.1266
3198.1262
3199.1261
3200.1264
3201.1262
3202.1262
3203.1267
3204.1267
3205.1267
3206.1267
3207.1264
3208.1263
3209.1263
3210.1264
3211.1255
3212.1264
3213.1264
3214.1264
3215.1260
3216.1244
3217.1255
3218.1255
3219.1255
3220.1258
3221.1264
3222.1264
3223.1264
3224.1259
3225.1257
3226.1255
3227.1249
3228.1250
3229.1254
3230.1249
3231.1250
3232.1251
3233.1241
3234.1239
3235.1237
3236.1243
3237.1237
3238.1247
3239.1249
3240.1247
3241.1247
3242.1235
3243.1236
3244.1236
3245.1233
3246.1239
3247.1239
3248.1237
3249.1238
3250.1231
3251.1232
3252.1232
3253.1241
3254.1232
3255.1237
3256.1235
3257.1242
3258.1232
3259.1232
3260.1231
3261.1232
3262.1231
3263.1232
3264.1232
3265.1243
3266.1232
3267.1224
3268.1219
3269.1222
3270.1229
3271.1198
3272.1222
3273.1223
3274.1222
3275.1213
3276.1214
3277.1215
3278.1216
3279.1214
3280.1213
3281.1216
3282.1211
3283.1209
3284.1218
3285.1200
3286.1200
3287.1198
3288.1195
3289.1200
3290.1200
3291.1200
3292.1200
3293.1195
3294.1194
3295.1195
3296.1194
3297.1117
3298.1170
3299.1198
3300.1195
3301.1197
3302.1181
3303.1182
3304.1182
3305.1182
3306.1188
3307.1195
3308.1183
3309.1185
3310.1182
3311.1183
3312.1186
3313.1187
3314.1183
3315.1193
3316.1191
3317.1220
3318.1178
3319.1182
3320.1183
3321.1183
3322.1184
3323.1182
3324.1186
3325.1185
3326.1183
3327.1163
3328.1237
3329.1180
3330.1185
3331.1183
3332.1187
3333.1221
3334.1175
3335.1182
3336.1182
3337.1183
3338.1190
3339.1179
3340.1182
3341.1189
3342.1189
3343.1187
3344.1181
3345.1179
3346.1179
3347.1177
3348.1170
3349.1184
3350.1186
3351.1185
3352.1186
3353.1184
3354.1182
3355.1181
3356.1185
3357.1183
3358.1200
3359.1189
3360.1190
3361.1184
3362.1183
3363.1173
3364.1183
3365.1167
3366.1188
3367.1188
3368.1189
3369.1186
3370.1183
3371.1182
3372.1182
3373.1181
3374.1170
3375.1189
3376.1189
3377.1189
3378.1184
3379.1186
3380.1186
3381.1184
3382.1186
3383.1191
3384.1197
3385.1199
3386.1200
3387.1190
3388.1188
3389.1199
3390.1249
3391.1166
3392.1168
3393.1280
3394.1183
3395.1175
3396.1175
3397.1174
3398.1170
3399.1182
3400.1186
3401.1216
3402.1218
3403.1223
3404.1226
3405.1243
3406.1270
3407.1277
3408.1285
3409.1295
3410.1272
3411.1254
3412.1251
3413.1238
3414.1255
3415.1267
3416.1334
3417.1326
3418.1299
3419.1299
3420.1297
3421.1264
3422.1261
3423.1264
3424.1263
3425.1264
3426.1271
3427.1200
3428.1275
3429.1277
3430.1260
3431.1263
3432.1246
3433.1249
3434.1254
3435.1284
3436.1254
3437.1227
3438.1296
3439.1351
3440.1375
3441.1382
3442.1385
3443.1392
3444.1411
3445.1407
3446.1392
3447.1387
3448.1389
3449.1389
3450.1389
3451.1391
3452.1403
3453.1399
3454.1367
3455.1390
3456.1391
3457.1392
3458.1392
3459.1392
3460.1391
3461.1367
3462.1339
3463.1341
3464.1331
3465.1309
3466.1281
3467.1278
3468.1238
3469.1285
3470.1216
3471.1263
3472.1247
3473.1245
3474.1249
3475.1249
3476.1250
3477.1251
3478.1258
3479.1257
3480.1267
3481.1257
3482.1250
3483.1250
3484.1249
3485.1250
3486.1254
3487.1253
3488.1253
3489.1247
3490.1249
3491.1246
3492.1189
3493.1239
3494.1232
3495.1234
3496.1232
3497.1230
3498.1228
3499.1227
3500.1225
3501.1218
3502.1177
3503.1222
3504.1218
3505.1219
3506.1217
3507.1217
3508.1219
3509.1216
3510.1216
3511.1214
3512.1218
3513.1218
3514.1216
3515.1212
3516.1210
3517.1222
3518.1210
3519.1215
3520.1215
3521.1218
3522.1216
3523.1221
3524.1213
3525.1212
3526.1215
3527.1214
3528.1211
3529.1216
3530.1205
3531.1200
3532.1198
3533.1190
3534.1192
3535.1190
3536.1190
3537.1191
3538.1200
3539.1197
3540.1195
3541.1180
3542.1177
3543.1183
3544.1179
3545.1168
3546.1167
3547.1168
3548.1169
3549.1190
3550.1193
3551.1201
3552.1193
3553.1189
3554.1190
3555.1195
3556.1215
3557.1216
3558.1205
3559.1194
3560.1190
3561.1189
3562.1193
3563.1199
3564.1199
3565.1198
3566.1200
3567.1192
3568.1191
3569.1194
3570.1191
3571.1191
3572.1198
3573.1200
3574.1200
3575.1197
3576.1194
3577.1194
3578.1194
3579.1194
3580.1194
3581.1200
3582.1200
3583.1200
3584.1195
3585.1199
3586.1214
3587.1231
3588.1216
3589.1227
3590.1227
3591.1227
3592.1219
3593.1221
3594.1218
3595.1221
3596.1219
3597.1218
3598.1227
3599.1225
3600.1222
3601.1222
3602.1223
3603.1226
3604.1228
3605.1221
3606.1229
3607.1227
3608.1211
3609.1228
3610.1218
3611.1221
3612.1222
3613.1221
3614.1222
3615.1229
3616.1231
3617.1230
3618.1222
3619.1223
3620.1221
3621.1223
3622.1223
3623.1230
3624.1229
3625.1232
3626.1229
3627.1226
3628.1222
3629.1225
3630.1223
3631.1238
3632.1229
3633.1229
3634.1231
3635.1231
3636.1229
3637.1266
3638.1229
3639.1229
3640.1230
3641.1232
3642.1229
3643.1231
3644.1230
3645.1230
3646.1230
3647.1216
3648.1230
3649.1229
3650.1229
3651.1229
3652.1232
3653.1227
3654.1230
3655.1230
3656.1231
3657.1195
3658.1229
3659.1230
3660.1231
3661.1212
3662.1223
3663.1222
3664.1218
3665.1226
3666.1230
3667.1202
3668.1231
3669.1232
3670.1227
3671.1225
3672.1226
3673.1230
3674.1229
3675.1232
3676.1232
3677.1152
3678.1230
3679.1229
3680.1299
3681.1230
3682.1229
3683.1233
3684.1232
3685.1232
3686.1228
3687.1227
3688.1227
3689.1228
3690.1228
3691.1229
3692.1232
3693.1232
3694.1230
3695.1232
3696.1231
3697.1327
3698.1232
3699.1231
3700.1226
3701.1232
3702.1232
3703.1232
3704.1232
3705.1232
3706.1231
3707.1230
3708.1230
3709.1232
3710.1203
3711.1230
3712.1227
3713.1231
3714.1230
3715.1227
3716.1230
3717.1225
3718.1232
3719.1230
3720.1230
3721.1227
3722.1223
3723.1225
3724.1225
3725.1229
3726.1232
3727.1227
3728.1232
3729.1231
3730.1222
3731.1226
3732.1222
3733.1225
3734.1225
3735.1231
3736.1232
3737.1231
3738.1232
3739.1225
3740.1222
3741.1225
3742.1223
3743.1225
3744.1231
3745.1232
3746.1232
3747.1227
3748.1219
3749.1228
3750.1226
3751.1227
3752.1231
3753.1229
3754.1232
3755.1227
3756.1225
3757.1216
3758.1232
3759.1227
3760.1226
3761.1233
3762.1232
3763.1233
3764.1231
3765.1231
3766.1230
3767.1227
3768.1228
3769.1233
3770.1232
3771.1233
3772.1232
3773.1232
3774.1232
3775.1232
3776.1232
3777.1185
3778.1191
3779.1230
3780.1229
3781.1230
3782.1222
3783.1225
3784.1230
3785.1226
3786.1232
3787.1232
3788.1232
3789.1233
3790.1229
3791.1227
3792.1227
3793.1232
3794.1232
3795.1232
3796.1233
3797.1233
3798.1222
3799.1312
3800.1230
3801.1254
3802.1232
3803.1209
3804.1239
3805.1235
3806.1233
3807.1360
3808.1250
3809.1227
3810.1231
3811.1227
3812.1235
3813.1264
3814.1232
3815.1226
3816.1232
3817.1301
3818.1213
3819.1231
3820.1232
3821.1232
3822.1237
3823.1232
3824.1229
3825.1229
3826.1231
3827.1243
3828.1252
3829.1232
3830.1232
3831.1232
3832.1232
3833.1227
3834.1232
3835.1232
3836.1229
3837.1231
3838.1241
3839.1231
3840.1232
3841.1228
3842.1227
3843.1229
3844.1230
3845.1229
3846.1236
3847.1232
3848.1237
3849.1233
3850.1222
3851.1231
3852.1232
3853.1230
3854.1232
3855.1235
3856.1232
3857.1235
3858.1232
3859.1230
3860.1230
3861.1231
3862.1230
3863.1232
3864.1232
3865.1232
3866.1232
3867.1228
3868.1218
3869.1227
3870.1232
3871.1230
3872.1233
3873.1234
3874.1234
3875.1263
3876.1232
3877.1232
3878.1229
3879.1230
3880.1231
3881.1234
3882.1234
3883.1235
3884.1229
3885.1232
3886.1091
3887.1232
3888.1200
3889.1232
3890.1232
3891.1232
3892.1235
3893.1230
3894.1229
3895.1193
3896.1229
3897.1229
3898.1232
3899.1232
3900.1232
3901.1231
3902.1230
3903.1232
3904.1194
3905.1229
3906.1233
3907.1234
3908.1233
3909.1234
3910.1231
3911.1231
3912.1231
3913.1232
3914.1232
3915.1231
3916.1235
3917.1235
3918.1232
3919.1230
3920.1230
3921.1232
3922.1232
3923.1233
3924.1236
3925.1234
3926.1234
3927.1231
3928.1232
3929.1253
3930.1231
3931.1239
3932.1236
3933.1235
3934.1237
3935.1226
3936.1174
3937.1232
3938.1207
3939.1232
3940.1232
3941.1237
3942.1239
3943.1238
3944.1232
3945.1232
3946.1211
3947.1232
3948.1216
3949.1233
3950.1238
3951.1237
3952.1237
3953.1226
3954.1232
3955.1226
3956.1231
3957.1232
3958.1235
3959.1239
3960.1239
3961.1234
3962.1232
3963.1232
3964.1232
3965.1232
3966.1215
3967.1235
3968.1237
3969.1239
3970.1232
3971.1232
3972.1232
3973.1203
3974.1232
3975.1237
3976.1238
3977.1235
3978.1232
3979.1232
3980.1232
3981.1263
3982.1232
3983.1238
3984.1237
3985.1238
3986.1237
3987.1232
3988.1232
3989.1232
3990.1305
3991.1242
3992.1235
3993.1237
3994.1267
3995.1232
3996.1232
3997.1232
3998.1189
3999.1229
4000.1231
4001.1234
4002.1238
4003.1234
4004.1231
4005.1231
4006.1286
4007.1231
4008.1234
4009.1237
4010.1235
4011.1232
4012.1239
4013.1232
4014.1245
4015.1230
4016.1232
4017.1231
4018.1233
4019.1234
4020.1232
4021.1232
4022.1232
4023.1232
4024.1232
4025.1354
4026.1236
4027.1238
4028.1294
4029.1241
4030.1231
4031.1234
4032.1228
4033.1231
4034.1231
4035.1236
4036.1235
4037.1234
4038.1232
4039.1232
4040.1231
4041.1232
4042.1232
4043.1237
4044.1239
4045.1242
4046.1238
4047.1232
4048.1232
4049.1232
4050.1229
4051.1232
4052.1234
4053.1234
4054.1235
4055.1232
4056.1232
4057.1232
4058.1234
4059.1232
4060.1232
4061.1235
4062.1236
4063.1238
4064.1232
4065.1231
4066.1227
4067.1229
4068.1230
4069.1233
4070.1249
4071.1240
4072.1237
4073.1233
4074.1233
4075.1232
4076.1232
4077.1232
4078.1242
4079.1222
4080.1232
4081.1232
