2929
2923
2928
2928
2933
2922
2922
2917
2925
2928
2926
2928
2930
2928
2933
2928
2928
2931
2928
2931
2930
2928
2930
2928
2931
2931
2929
2928
2930
2928
2928
2930
2929
2928
2928
2928
2929
2926
2927
2931
2925
2921
2926
2926
2923
2910
2928
2930
2929
2933
2929
2932
2931
2928
2930
2928
2925
2926
2928
2925
2923
2926
2919
2919
2925
2926
2928
2919
2923
2922
2916
2919
2923
2917
2919
2922
2919
2914
2917
2923
2927
2928
2933
2937
2932
2933
2929
2929
2928
2933
2937
2928
2930
2923
2927
2928
2924
2927
2928
2929
2929
2931
2937
2933
2928
2932
2928
2928
2929
2928
2927
2923
2928
2923
2926
2919
2919
2928
2924
2927
2926
2928
2928
2930
2931
2928
2928
2928
2928
2927
2922
2923
2919
2926
2922
2926
2919
2927
2925
2924
2926
2927
2927
2925
2924
2927
2926
2925
2923
2925
2925
2925
2926
2928
2925
2928
2928
2929
2932
2930
2928
2927
2928
2926
2923
2923
2919
2920
2922
2926
2923
2926
2928
2934
2928
2929
2928
2928
2922
2925
2925
2897
2927
2933
2930
2929
2791
2927
2923
2923
2930
2928
2928
2922
2927
2926
2931
2929
2928
2934
2923
2928
2923
2926
2923
2929
2930
2931
2928
2928
2921
2926
2923
2927
2928
2923
2928
2928
2928
2930
2927
2930
2928
2928
2928
2928
2931
2931
2934
2934
2934
2928
2928
2928
2931
2938
2939
2935
2931
2928
2928
2933
2928
2929
2923
2925
2928
2927
2928
3054
2928
2930
2928
2930
2934
2929
2934
2931
2930
2928
2854
2930
2933
2930
2930
2929
2928
2928
2932
2928
2928
2928
2927
2865
2925
2923
2925
2921
2999
2928
2928
2927
2929
2875
2930
2922
2925
2925
2970
2928
2928
2931
2928
2929
2927
2924
2927
2927
2929
2928
2931
2933
2935
2933
2931
2927
2928
2930
2926
2928
2926
2927
2927
2913
2927
2925
2929
2934
2928
2927
2923
2928
2928
2928
2931
2929
2928
2922
2925
2922
2928
2931
2928
2928
2928
2924
2927
2929
2931
2930
2926
2926
2927
2928
2932
2929
2928
2928
2922
2926
2928
2928
2929
2928
2922
2928
2928
2928
2928
2926
2922
2923
2928
2933
2927
2895
2925
2925
2929
2931
2934
2928
2923
2928
2917
3008
2925
2928
2928
2928
3003
2928
2933
2931
2935
2927
2925
2930
2937
2934
2935
2929
2917
2928
2934
2933
2930
2919
2919
2919
2924
2927
2854
2925
2925
2910
2916
2926
2922
2927
2925
2924
2927
2926
2928
2926
2927
2891
2928
2923
2921
2923
2921
3047
2917
2924
2921
2924
2927
2928
2927
2919
2915
2922
2923
2923
2928
2924
2928
2923
2921
2914
2925
2927
2928
2921
2917
2926
2925
2930
2949
2917
2923
2927
2928
2928
2928
2919
2925
2925
2927
2930
2931
2934
2927
2919
2925
2927
2914
2932
2936
2932
2933
2934
2934
2935
2934
2927
2927
2925
2931
2929
2926
2928
2925
2859
2928
2922
2925
2927
2928
2928
2925
2922
2927
2929
2928
2930
2926
2931
2924
2925
2925
2928
2930
2927
2927
2928
2932
2932
2928
2928
2925
2926
2927
2928
2928
2926
3029
2915
2928
2928
2928
2931
2929
2927
2928
2931
2931
2928
2928
2919
2925
2919
2926
2917
2922
2927
2930
2925
2923
2919
2926
2925
2926
2919
2927
2923
2923
2919
2924
2921
2925
2924
2928
2929
2929
2929
2928
2928
2927
2922
2927
2925
2921
2921
2925
2925
2926
2926
2921
2923
2927
2928
2926
2926
2927
2926
2919
2925
2926
2927
2928
2928
2928
2928
2928
2927
2919
2927
2927
2925
2927
2928
2894
2933
2927
2918
2925
2922
2928
2928
2930
2928
2929
2925
2924
2922
2919
2921
2923
2926
2927
2993
2928
2929
2931
2931
2929
2926
2919
2922
2927
2927
2928
2928
2928
2925
2925
2924
2925
2867
2925
2922
2922
2923
2893
2925
2928
2924
2925
2805
2926
2923
2924
2930
2930
2931
2927
2922
2923
2922
2925
2929
2928
2929
2919
2925
2923
2927
2928
2928
2928
2927
2928
2925
2925
2928
2928
2976
2924
2923
2928
2929
2933
2928
2930
2927
2923
2922
2928
2932
2925
2923
2926
2928
2927
2921
2919
2927
2928
2928
2926
2923
2925
2922
2926
2932
2928
2864
2927
2921
2923
2927
2923
2928
2928
2928
2928
2919
2923
2923
2957
2928
2926
2923
2927
2925
2923
2927
2928
2928
2923
2925
2926
2928
2926
2928
2927
2923
2927
2919
2927
2929
2927
2928
2928
2925
2922
2918
2919
2921
2925
2926
2923
2926
2924
2926
2929
2928
2928
2928
2928
2925
2919
2922
2924
2926
2927
2929
2955
2927
2926
2919
2919
2921
2927
2923
2923
2922
2927
2926
2928
2923
2926
2922
2927
2928
2927
2928
2921
2919
2923
2925
2928
2923
2921
2923
2939
2928
2930
2929
2927
2925
2922
2927
2919
2928
2838
2926
2927
2919
2925
2923
2925
2926
2927
2919
2917
2928
2926
2923
2925
2928
2929
2926
2919
2919
2923
2925
2923
2923
2923
2923
2925
2926
2925
2925
2924
2925
2923
2927
2924
2922
2923
2924
2922
2927
2923
2925
2927
2925
2928
2927
2928
2927
2929
2947
2928
2921
2922
2925
2927
2924
2919
2929
2928
2925
2919
2928
2882
2923
2925
2922
2922
2928
2928
2928
2928
2928
2922
2926
2926
2926
2922
2925
2924
2918
2919
2923
2925
2923
2838
3010
3056
2925
2923
2926
2926
2918
2917
2928
2928
2921
2925
2927
2928
2925
2923
2928
2923
2923
2928
2928
2927
2811
2930
2929
2929
2927
2926
2928
2919
2926
2921
2923
2919
2924
2928
2928
2925
2927
2923
2990
2923
2918
2926
2926
2928
2928
2929
2928
2928
2926
2928
2925
2919
2921
2922
2923
2922
2928
2864
2926
2922
2923
2924
2929
2928
2921
2926
2925
2924
2922
2922
2923
2926
2919
2861
2927
2928
2928
2925
2921
2923
2923
2921
2928
2925
2926
2928
2928
2921
2926
2922
2946
2930
2928
2928
2922
2926
2923
2928
2929
2929
2926
2949
2923
2926
2928
2926
2927
2924
2923
2928
2927
2925
2923
2923
2927
2927
2930
2928
2927
2927
3071
2922
2923
2925
2965
2925
2928
2927
2928
2927
3019
2928
2928
2927
2929
2927
2923
2922
2927
2922
2918
2926
2927
2928
2929
2926
2928
2929
2930
2928
2928
2925
2923
2921
2925
2955
2920
2923
2921
2919
2918
2921
2925
2919
2919
2927
2927
2924
2919
2919
2924
2926
2922
2923
2922
2928
2928
2928
2927
2922
2926
2921
2915
2928
2928
2928
2926
2922
2926
2924
2921
2922
2922
2916
2928
2926
2924
2926
2919
2918
2924
2925
2922
2924
2922
2925
2928
2927
2928
2928
2958
2930
2928
2923
2927
2928
2925
2925
2928
2923
2926
2925
2922
2925
2930
2919
2919
2925
2934
2929
2928
2929
2928
2921
2922
2926
2928
2925
2924
2924
2928
2928
2925
2926
2927
2804
2926
2927
2927
2928
2931
2929
2929
2928
2911
2925
2919
2926
2922
2926
2927
2928
2928
2926
2921
2919
2922
2928
2892
2926
2924
2925
2931
2928
2925
2921
2927
2931
2931
2925
2926
2927
2923
2929
2926
2919
2926
2927
2927
2926
2922
2927
2922
2927
2927
2927
2991
2929
2922
2923
2918
2925
2922
2926
2923
2927
2929
2931
2929
2928
2930
2926
2927
2925
2926
2924
2918
2926
2922
2922
2924
2927
2927
2927
2925
2922
2925
2925
2928
2928
2933
2926
2927
2927
2925
2919
2923
2924
2919
2923
2923
2924
2925
2924
2928
2928
2928
2927
2927
2928
2928
2927
2928
2949
2928
2928
2930
2835
2923
2923
2926
2926
2928
2922
2925
2922
2926
2950
2931
2925
2919
2925
2928
2928
2916
2918
2927
2928
2923
2918
2916
2919
2923
2925
2917
2927
2923
2926
2925
2925
2918
2917
2922
2921
2925
2927
2928
2928
2927
2927
2915
2917
2921
2922
2925
2925
2924
2923
2919
2925
2927
2928
2928
2927
2923
2918
2925
2917
2921
2924
2921
2919
2919
2919
2925
2929
2926
3005
2919
2921
2923
2927
2925
2925
2928
2928
2927
2926
2928
2926
2921
2923
2918
3018
2928
2923
2922
2919
2925
2926
2926
2923
2923
2927
2925
2923
2921
2925
2928
2928
2921
2918
2921
2927
2927
2928
2959
2926
2924
2922
2919
2921
2919
2918
2919
2922
2915
2919
2920
2926
2928
2925
2918
2925
2927
2922
2921
2919
2926
2929
2927
2921
2919
2921
2882
2921
2927
2927
2925
2921
2921
2921
2925
2923
2927
2928
2919
2919
2925
2931
2922
2923
2926
2928
2919
2922
2928
2916
2923
2929
2922
2921
2922
2928
2928
2928
2911
2930
2928
2926
2924
2926
2926
2925
2929
2919
2927
2923
2925
2927
2923
2919
2929
2922
2923
2927
3082
2923
2923
2928
2923
2921
2929
2925
2913
2928
2923
2925
2929
2925
2922
2919
2919
2923
2923
2925
2922
2924
2922
2927
2925
2925
2928
2909
2928
2928
2925
2924
2918
2927
2927
2880
2922
2927
2926
2919
2923
2929
2925
2925
2920
2926
2923
2929
2928
2924
2922
2927
2928
2921
2922
2928
2928
2924
2928
2927
2922
2919
2928
2919
2922
2929
2917
2921
2927
2923
2923
2928
2928
2927
2917
2922
2923
2921
2918
2927
2927
2923
2927
2926
2918
2922
2922
2927
2928
2923
2928
2918
2926
2925
2933
2928
2923
2921
2922
2928
2926
2922
2923
2928
2923
2926
2928
2925
2924
2928
2923
2919
2928
2923
2919
2933
2922
2919
2927
2928
2925
2923
2918
2924
2928
2926
2921
2923
2927
2934
2923
2921
2928
2928
2926
2921
2922
2928
2928
2924
2922
2923
2926
3024
2927
2928
2921
2923
2923
2922
2928
2921
2921
2922
2928
2928
2927
2924
2921
2927
2893
2925
2918
2921
2928
2929
2923
2923
2922
2928
3007
2927
2922
2926
2859
2922
2922
2919
2926
2922
2921
2926
2928
2927
2925
2923
2928
2925
2917
2919
2922
2928
2928
2922
2923
2925
2928
2927
2924
2919
2921
2925
2924
2927
2928
2923
2921
2919
2928
2925
2917
2916
2928
2927
2920
2923
2928
2927
2915
2915
2925
2926
2918
2921
2923
2928
2928
2922
2926
2928
2928
2922
2923
2931
2917
2923
2927
2921
2922
2924
2921
2927
2922
2916
2926
2919
2922
2919
2927
2923
2929
2923
2899
2923
2925
2928
2925
2919
2918
2919
2924
2928
2929
2923
2917
2924
2926
2929
2894
2923
2917
2924
2923
2927
2926
2918
2922
2928
2925
2914
2919
2928
2919
2992
2930
2929
2919
2925
2914
2926
2923
2919
2925
2921
2928
2923
2923
2926
2928
2923
2917
2921
2928
2923
2917
2927
2924
2920
2928
2925
2917
2928
2927
2917
2925
2929
2924
2923
2925
2922
2928
2928
2921
2922
2925
2912
2921
2922
2919
2923
2919
2927
2923
2923
2928
2923
2918
2928
2919
2923
2925
2917
2915
2928
2927
2919
2810
2928
2921
2918
2925
2926
2917
2925
2928
2925
2923
2927
2919
2925
2884
2924
2919
2925
2928
2922
2921
2923
2928
2925
2917
2924
2921
2926
2924
2928
2923
2931
2928
2923
2928
2918
2924
2928
2925
2923
2926
2926
2923
2921
2921
2928
2933
2928
2921
2926
2922
2928
2927
2916
2918
2927
2928
2926
2919
3003
2927
2928
2926
2918
2917
2919
2928
2923
2919
2922
2927
2916
2919
2927
2927
2921
2925
2921
2925
2922
2914
2925
2927
2919
2925
2919
2917
2928
2927
2922
2919
2924
2914
2919
2975
2926
2919
2918
2923
2925
2928
2919
2919
2923
2926
2925
2915
2921
2924
2928
2927
2918
2924
2924
2922
2919
2919
2923
2924
2921
2926
2909
2926
2925
2922
2925
2919
2925
2929
2918
2919
2921
2925
2922
2928
2947
2928
2927
2926
2925
2919
2923
2921
2922
2918
2925
2928
2928
2917
2923
2925
2925
2927
2928
2922
2923
2921
2917
3010
2923
2928
2926
2919
2922
2919
2923
2927
2925
2919
2921
2927
2928
2923
2916
2924
2928
2922
2921
2918
2927
2928
2925
2918
2922
2915
2927
2928
2926
2919
2879
2923
2928
2929
2923
2919
2923
2921
2919
2928
2926
2919
2919
2919
2907
2923
2923
2928
2915
2920
2927
2923
2919
2927
2927
2922
2923
2919
2921
2927
2928
2925
2923
2917
2922
2925
2927
2927
2841
2923
2925
2916
2917
2922
2928
2923
2919
2921
2922
2924
2927
2925
2929
2921
2917
2919
2925
2919
2921
3022
2928
2931
2928
2926
2919
2915
2919
2921
2921
2919
2918
2919
2917
2919
2921
2918
2918
2928
2922
2923
2928
2922
2925
2927
2926
2917
2925
2925
2923
2919
2927
2928
2925
2922
2919
2922
2927
2928
2928
2925
2928
2921
2919
2918
2843
2922
2922
2923
2919
2916
2921
2919
2924
2923
2922
2927
2926
2923
2925
2928
2928
2928
2926
2925
2921
2915
2917
2921
2921
2917
2919
2924
2916
2924
2921
2923
2919
2896
2918
2919
2900
2919
2922
2913
2922
2922
2925
2928
2927
2923
2927
2919
2918
2991
2928
2927
2918
2919
2922
2921
2917
2921
2918
2921
2913
2915
2925
2919
2927
2927
2923
2919
2915
2921
2923
2925
2926
2928
2928
2927
2928
2926
2919
2918
2921
2919
2925
2925
2927
2922
2928
2927
2926
2922
2917
2917
2919
2923
2918
2921
2926
2921
2926
2925
2923
2922
2928
2928
2925
2924
2923
2919
2917
2913
2917
2921
2919
2917
2915
2916
2919
2925
2924
2928
2928
2954
2927
2925
2921
2925
2936
2928
2926
2927
2928
2924
2924
2921
2921
2919
2918
2929
2923
2921
2927
2924
2923
2928
2814
2928
2928
2927
2928
2925
2928
2926
2919
2924
2923
2923
2927
2929
2926
2927
2919
2922
2924
2925
2922
2922
3008
2917
2923
2924
2923
2913
2919
2923
2926
2927
2928
2928
2924
2923
2926
2925
2925
2924
2922
2918
2921
2923
2916
2918
2919
2918
2915
2919
2919
2921
2917
2923
2971
2931
2928
2929
2928
2920
2928
2923
2918
2921
2923
2925
2923
2919
2926
2924
2927
2898
2927
2928
2928
3024
2923
2960
2923
2928
2919
2921
2926
2925
2926
2927
2923
2927
2922
2928
2927
2927
2928
2927
2925
2927
2926
2924
2927
2911
2927
2931
2928
2927
2927
2928
2926
2928
2927
2925
2925
2921
2923
2917
2917
2884
2922
2928
2928
2923
2928
2928
2951
2928
2925
2923
2923
2917
2914
2916
2919
2927
2928
2917
2925
2829
2922
2923
2925
2875
2928
2929
2929
2928
2943
2926
2925
2924
2925
2922
2921
2916
2926
2935
2928
2925
2923
2924
2926
2923
2926
2923
2923
2923
2925
2928
2924
2923
2924
2921
2918
2919
2923
2917
2915
2918
2921
2922
2925
2926
2896
2928
2926
2928
2927
2926
2932
2927
2925
2928
2926
2928
2927
2925
2923
2921
2917
2919
2918
2925
2921
2917
2919
2918
2928
2927
2925
2970
2928
2958
2926
2921
2919
2925
2923
2924
2925
2921
2917
2918
2923
2923
2925
2923
2919
2915
2923
2923
2919
2925
2928
2922
2925
2921
2928
2927
2927
2928
2928
2925
2928
2925
2927
2916
2926
2924
2929
2925
2925
2926
2928
2928
2924
2928
2925
2928
2990
2915
2920
2928
2925
2928
2919
2917
2918
2921
2925
2928
2928
2916
2918
2922
2926
2928
2921
2919
2919
2928
2928
2921
2918
2919
2919
2924
2927
2928
2923
2926
2926
2928
2927
2927
2923
2915
2919
2920
2917
2926
2918
2921
2915
2918
2922
2927
2926
2926
2917
2923
2918
2929
2927
2922
2924
2919
2919
2919
2919
2928
2928
2921
2917
2925
2926
2928
2923
2921
2917
2918
2915
2927
2927
2927
2959
2928
2926
2923
2926
2915
2915
2921
2917
2919
2919
2919
2918
2923
2917
2925
2929
2923
2919
2914
2915
2925
2928
2923
2919
2921
2917
2922
2919
2926
2928
2928
2916
2923
2924
2915
2922
2942
2917
2919
2915
2919
2917
2919
2928
2922
2922
2919
2919
2919
2915
2925
2926
2926
2923
3032
2926
2928
2925
2919
2919
2918
2918
3052
2927
2928
2928
2928
2921
2907
2919
2918
2864
2919
2928
2922
2923
2919
2928
2928
2926
2922
2927
2927
2919
2919
2919
2919
2921
2923
2919
2922
2920
2923
2918
2917
2922
2925
2929
2927
2926
2922
2923
2922
2919
2923
2924
2922
2925
3023
2928
2927
2928
2928
2925
2929
2929
2925
2925
2923
2921
2927
2928
2927
2930
2928
2928
2918
2922
2923
2919
2927
2927
2927
2926
2923
2928
2926
2924
2917
2922
2917
2927
2922
2927
2927
2926
2925
2917
2922
2914
2919
2923
2923
2922
2918
2919
2921
2919
2917
2921
2923
2913
2917
2922
2917
2917
2922
2923
2925
2927
2929
2928
2910
2928
2925
2924
2927
2926
2926
2915
2915
2923
3027
2919
2919
2919
2922
2925
2926
2924
2927
2928
2927
2927
2928
2925
2917
2915
2921
2922
2917
2923
2923
2919
2918
2923
2928
2928
2925
2928
2926
2928
2925
2925
2916
2919
2919
2921
2921
2922
2921
2921
2923
2917
2917
2926
2928
2928
2928
2925
2925
2928
2927
2926
2926
2926
2921
2832
2933
2949
2923
2929
2921
2923
2924
2919
2919
2927
2928
2929
2927
2923
2920
2917
2923
2879
2918
2923
2927
2915
2921
2925
2948
2927
2922
2923
2919
2925
2923
2925
2927
2926
2928
2928
2922
2921
2922
2919
2921
2901
2927
2925
2922
2918
2919
2927
2927
2915
2922
2928
2914
2918
2917
2926
2928
2922
2924
2914
2918
2917
2918
2922
2933
2925
2921
2921
2917
2922
2928
2928
2922
2922
2924
2917
2919
2921
2921
2922
2928
2921
2919
2918
2925
2928
2921
2928
2925
2921
2919
2918
2925
2927
2927
2926
2924
2923
2915
2915
2898
2923
2923
2927
2921
2928
2929
2928
2927
2938
2922
2919
2921
2918
2923
2925
2925
2928
2927
2921
2919
2919
2928
2911
2922
2917
2923
2923
2923
2924
2928
2925
2923
2919
2918
2918
2920
2928
2927
2922
2919
2915
2919
2916
2917
2921
2925
2928
2925
2919
2922
2919
2928
2926
2928
2927
2928
2923
2926
2923
2921
2923
2922
2928
2924
2926
2927
2921
2924
2918
2921
2918
2927
2921
2919
2925
2927
2917
2920
2923
2919
2925
2925
2919
2922
2962
2927
2924
2927
2925
2924
2923
2918
2923
2920
2927
2928
2925
2918
2860
2921
2929
2923
2922
2919
2928
2875
2918
3035
2919
2926
2927
2927
2928
2922
2919
2923
2921
2925
2926
2922
2925
2939
2918
2922
3039
2923
2925
2922
2918
2919
2928
2923
2928
2923
2921
2923
2925
2917
2924
2927
2921
2928
2928
2922
2917
2918
2889
2914
2926
2928
2927
2926
2919
2919
2921
2929
2927
2922
2917
2919
2922
2951
2928
2921
2921
2918
2925
2928
2929
2927
2925
2926
2921
2922
2919
2919
2918
2922
2917
2919
2916
2925
2920
2928
2928
2927
2923
2914
2915
2918
2921
2918
2925
2926
2960
2928
2926
2928
2926
2924
2918
2921
2919
2918
2920
2915
2911
2925
2926
2925
2927
2901
2918
2914
2922
2926
2928
2915
2925
2922
2928
2928
2925
2922
2921
2883
2919
2928
2928
2923
2928
2921
2919
2919
2919
2922
2919
2917
2922
2923
2919
2926
2923
2923
2926
2926
2928
2922
2920
2917
2926
2927
2921
2919
2921
2928
2929
2927
2923
2919
2929
2923
2925
2923
2927
2901
2923
2928
2925
2928
2928
2927
2928
2928
2928
2925
2928
2927
2925
2919
2917
2913
2922
2918
2928
2925
2919
2917
2926
2924
2924
2915
2918
2923
2918
2926
2923
2925
2925
2917
2919
2913
2921
2919
2917
2918
2923
2928
2928
2928
2928
2926
2921
2921
2914
2925
2927
2927
2916
2918
2800
2922
2927
2923
2921
2919
2919
2912
2918
2919
2918
2915
2902
2921
2917
2917
2919
2915
2927
2923
2922
2919
2918
2922
2925
2927
2921
2914
2922
2924
2927
2925
2927
2926
2926
2923
2924
2919
2921
2922
2923
2926
2927
2925
2928
2928
2919
2871
2918
2923
2924
2928
2928
2923
2918
2917
2922
2922
2923
2928
2928
2928
2928
2929
2919
2922
2928
2921
2917
2919
2917
2920
2923
2919
2923
2926
2929
2928
2927
2925
2926
2924
2921
2918
2922
2919
2925
2919
2919
2862
2917
2923
2924
2919
2926
2928
2927
2927
2927
2928
2923
2926
2928
2926
2928
2926
2914
2927
2928
2923
2917
2919
2918
2921
2922
2927
2928
2927
2928
2928
2928
2928
2928
2928
2928
2928
2926
2927
2922
2926
2918
2923
2919
2923
2919
2919
2923
2926
2923
2928
2927
2922
2925
2927
2921
2921
2923
2919
2926
2917
2919
2923
2917
2926
2918
2922
2924
2919
2922
2919
2923
2922
2923
2913
2967
2922
2922
2921
2918
2923
2928
2927
2929
2923
2922
2921
2918
2926
2919
2928
2928
2923
2926
2923
2918
2917
2923
2921
2921
2919
2918
2915
2918
2921
2923
2918
2821
2922
2922
2923
2928
2923
2923
2923
2919
2920
2924
2923
2918
2928
2929
2922
2923
2923
2919
2922
2920
2926
2928
2928
2925
2921
2911
2919
2923
2921
2925
2924
2922
2923
2921
2922
2922
2919
2922
3011
2923
2923
2927
2925
2927
2928
2928
2928
2927
2928
2925
2927
2925
2923
2928
2925
2923
2928
2928
2889
2929
2927
2921
2922
2922
2914
2915
2915
2922
2919
2919
2922
2925
2922
2926
2922
2925
2926
2925
2924
2928
2923
2915
2916
2916
2919
2919
2923
2923
2945
2926
2923
2917
2917
2837
2915
2917
2913
2915
2922
2923
2917
2923
2925
2923
2925
2928
2923
2926
2928
2928
2928
2928
2925
2927
2919
2915
2919
2917
2921
2925