=~=~=~=~=~=~=~=~=~=~=~= PuTTY log 2024.04.23 09:18:49 =~=~=~=~=~=~=~=~=~=~=~=
1.2548
2.2551
3.2550
4.2552
5.2554
6.2559
7.2570
8.2576
9.2559
10.2571
11.2576
12.2576
13.2575
14.2579
15.2579
16.2579
17.2585
18.2570
19.2573
20.2573
21.2571
22.2574
23.2579
24.2582
25.2581
26.2573
27.2568
28.2573
29.2571
30.2570
31.2566
32.2579
33.2579
34.2581
35.2572
36.2571
37.2575
38.2573
39.2575
40.2580
41.2585
42.2577
43.2576
44.2576
45.2576
46.2575
47.2573
48.2573
49.2582
50.2582
51.2578
52.2573
53.2573
54.2573
55.2573
56.2572
57.2582
58.2583
59.2583
60.2576
61.2573
62.2559
63.2575
64.2573
65.2570
66.2580
67.2579
68.2579
69.2571
70.2576
71.2572
72.2577
73.2576
74.2582
75.2582
76.2580
77.2571
78.2574
79.2573
80.2571
81.2572
82.2624
83.2583
84.2578
85.2582
86.2572
87.2575
88.2573
89.2575
90.2573
91.2576
92.2581
93.2582
94.2581
95.2574
96.2571
97.2576
98.2571
99.2574
100.2579
101.2579
102.2578
103.2581
104.2582
105.2581
106.2581
107.2582
108.2571
109.2585
110.2580
111.2587
112.2579
113.2578
114.2576
115.2579
116.2573
117.2576
118.2578
119.2578
120.2580
121.2526
122.2571
123.2570
124.2573
125.2569
126.2578
127.2590
128.2577
129.2573
130.2573
131.2576
132.2575
133.2575
134.2583
135.2581
136.2579
137.2582
138.2573
139.2574
140.2575
141.2575
142.2574
143.2582
144.2576
145.2580
146.2569
147.2575
148.2571
149.2553
150.2579
151.2538
152.2582
153.2583
154.2583
155.2574
156.2574
157.2570
158.2571
159.2574
160.2578
161.2579
162.2579
163.2571
164.2571
165.2573
166.2575
167.2573
168.2602
169.2583
170.2583
171.2579
172.2573
173.2559
174.2575
175.2576
176.2574
177.2576
178.2544
179.2576
180.2575
181.2571
182.2575
183.2570
184.2574
185.2573
186.2503
187.2587
188.2576
189.2688
190.2575
191.2575
192.2551
193.2572
194.2582
195.2585
196.2581
197.2582
198.2576
199.2575
200.2575
201.2576
202.2573
203.2583
204.2583
205.2580
206.2571
207.2576
208.2574
209.2574
210.2570
211.2575
212.2578
213.2579
214.2579
215.2624
216.2574
217.2573
218.2573
219.2575
220.2581
221.2581
222.2583
223.2574
224.2576
225.2625
226.2576
227.2575
228.2575
229.2578
230.2581
231.2576
232.2571
233.2573
234.2575
235.2575
236.2571
237.2579
238.2581
239.2580
240.2571
241.2583
242.2575
243.2575
244.2593
245.2575
246.2582
247.2587
248.2582
249.2573
250.2575
251.2574
252.2574
253.2571
254.2580
255.2581
256.2582
257.2581
258.2576
259.2573
260.2571
261.2546
262.2575
263.2581
264.2586
265.2582
266.2571
267.2573
268.2571
269.2572
270.2574
271.2576
272.2576
273.2579
274.2581
275.2574
276.2574
277.2576
278.2573
279.2575
280.2582
281.2581
282.2580
283.2574
284.2606
285.2573
286.2573
287.2591
288.2573
289.2581
290.2582
291.2579
292.2571
293.2577
294.2575
295.2569
296.2577
297.2582
298.2581
299.2581
300.2585
301.2576
302.2574
303.2573
304.2576
305.2575
306.2582
307.2584
308.2581
309.2574
310.2573
311.2554
312.2575
313.2575
314.2584
315.2582
316.2581
317.2576
318.2574
319.2575
320.2574
321.2573
322.2574
323.2581
324.2580
325.2581
326.2573
327.2575
328.2576
329.2574
330.2575
331.2575
332.2574
333.2582
334.2582
335.2575
336.2576
337.2574
338.2576
339.2574
340.2582
341.2585
342.2544
343.2579
344.2576
345.2576
346.2573
347.2575
348.2575
349.2585
350.2581
351.2582
352.2577
353.2567
354.2525
355.2573
356.2633
357.2581
358.2581
359.2583
360.2583
361.2595
362.2577
363.2574
364.2512
365.2574
366.2581
367.2581
368.2581
369.2576
370.2575
371.2573
372.2576
373.2525
374.2608
375.2582
376.2583
377.2580
378.2574
379.2575
380.2576
381.2576
382.2573
383.2573
384.2585
385.2583
386.2575
387.2575
388.2576
389.2576
390.2575
391.2570
392.2574
393.2583
394.2583
395.2576
396.2576
397.2576
398.2575
399.2576
400.2582
401.2582
402.2579
403.2586
404.2574
405.2573
406.2574
407.2571
408.2574
409.2583
410.2582
411.2583
412.2574
413.2576
414.2575
415.2573
416.2576
417.2586
418.2583
419.2583
420.2583
421.2576
422.2571
423.2575
424.2571
425.2576
426.2585
427.2582
428.2586
429.2576
430.2576
431.2573
432.2569
433.2575
434.2582
435.2581
436.2581
437.2581
438.2573
439.2575
440.2575
441.2576
442.2570
443.2583
444.2582
445.2579
446.2575
447.2575
448.2576
449.2575
450.2576
451.2640
452.2575
453.2585
454.2579
455.2575
456.2574
457.2571
458.2576
459.2574
460.2580
461.2585
462.2582
463.2576
464.2575
465.2573
466.2573
467.2572
468.2571
469.2583
470.2582
471.2602
472.2574
473.2574
474.2573
475.2570
476.2575
477.2581
478.2580
479.2581
480.2579
481.2573
482.2570
483.2576
484.2576
485.2573
486.2582
487.2578
488.2581
489.2576
490.2575
491.2703
492.2576
493.2573
494.2581
495.2576
496.2578
497.2579
498.2571
499.2574
500.2574
501.2575
502.2569
503.2579
504.2555
505.2581
506.2574
507.2574
508.2571
509.2573
510.2572
511.2573
512.2581
513.2581
514.2581
515.2573
516.2573
517.2574
518.2573
519.2573
520.2577
521.2590
522.2582
523.2583
524.2577
525.2574
526.2570
527.2570
528.2571
529.2582
530.2579
531.2574
532.2574
533.2575
534.2572
535.2576
536.2574
537.2582
538.2587
539.2581
540.2587
541.2575
542.2576
543.2576
544.2573
545.2574
546.2583
547.2583
548.2578
549.2574
550.2575
551.2575
552.2575
553.2575
554.2586
555.2582
556.2581
557.2576
558.2576
559.2576
560.2572
561.2576
562.2608
563.2581
564.2585
565.2582
566.2576
567.2576
568.2576
569.2576
570.2576
571.2576
572.2574
573.2582
574.2582
575.2573
576.2573
577.2573
578.2575
579.2574
580.2581
581.2582
582.2668
583.2585
584.2576
585.2576
586.2576
587.2575
588.2571
589.2583
590.2583
591.2558
592.2574
593.2575
594.2573
595.2576
596.2571
597.2583
598.2582
599.2583
600.2586
601.2577
602.2576
603.2576
604.2576
605.2575
606.2582
607.2579
608.2582
609.2576
610.2575
611.2577
612.2575
613.2576
614.2584
615.2583
616.2581
617.2583
618.2575
619.2576
620.2577
621.2571
622.2576
623.2583
624.2585
625.2586
626.2574
627.2576
628.2575
629.2576
630.2575
631.2576
632.2576
633.2583
634.2579
635.2574
636.2574
637.2573
638.2574
639.2576
640.2549
641.2559
642.2579
643.2576
644.2576
645.2575
646.2573
647.2573
648.2576
649.2582
650.2619
651.2593
652.2572
653.2573
654.2575
655.2574
656.2576
657.2585
658.2581
659.2583
660.2582
661.2551
662.2576
663.2576
664.2559
665.2574
666.2588
667.2583
668.2583
669.2575
670.2577
671.2697
672.2574
673.2575
674.2585
675.2586
676.2581
677.2587
678.2576
679.2576
680.2576
681.2575
682.2576
683.2585
684.2583
685.2576
686.2576
687.2576
688.2575
689.2572
690.2559
691.2622
692.2576
693.2581
694.2582
695.2575
696.2571
697.2573
698.2541
699.2576
700.2581
701.2608
702.2583
703.2588
704.2579
705.2576
706.2691
707.2576
708.2574
709.2582
710.2582
711.2583
712.2574
713.2543
714.2576
715.2573
716.2575
717.2576
718.2583
719.2585
720.2581
721.2580
722.2575
723.2575
724.2574
725.2576
726.2581
727.2583
728.2578
729.2576
730.2573
731.2575
732.2576
733.2576
734.2582
735.2582
736.2583
737.2583
738.2593
739.2572
740.2576
741.2574
742.2574
743.2586
744.2582
745.2581
746.2679
747.2576
748.2576
749.2576
750.2575
751.2581
752.2575
753.2582
754.2586
755.2576
756.2574
757.2575
758.2576
759.2550
760.2583
761.2582
762.2582
763.2583
764.2576
765.2574
766.2574
767.2576
768.2575
769.2583
770.2581
771.2585
772.2575
773.2574
774.2576
775.2576
776.2574
777.2585
778.2583
779.2580
780.2583
781.2576
782.2573
783.2575
784.2575
785.2575
786.2584
787.2581
788.2583
789.2576
790.2575
791.2576
792.2574
793.2575
794.2583
795.2586
796.2582
797.2582
798.2575
799.2576
800.2575
801.2578
802.2577
803.2585
804.2582
805.2582
806.2576
807.2574
808.2650
809.2576
810.2576
811.2587
812.2582
813.2582
814.2583
815.2576
816.2576
817.2576
818.2576
819.2575
820.2581
821.2587
822.2582
823.2576
824.2577
825.2574
826.2576
827.2574
828.2576
829.2587
830.2585
831.2585
832.2576
833.2578
834.2589
835.2576
836.2506
837.2587
838.2585
839.2588
840.2576
841.2582
842.2577
843.2576
844.2577
845.2576
846.2586
847.2585
848.2583
849.2576
850.2582
851.2576
852.2576
853.2577
854.2585
855.2581
856.2586
857.2588
858.2575
859.2576
860.2587
861.2576
862.2575
863.2583
864.2581
865.2580
866.2576
867.2576
868.2578
869.2576
870.2576
871.2558
872.2574
873.2583
874.2582
875.2610
876.2575
877.2576
878.2576
879.2576
880.2583
881.2585
882.2585
883.2575
884.2576
885.2571
886.2576
887.2576
888.2575
889.2582
890.2583
891.2587
892.2575
893.2574
894.2576
895.2572
896.2576
897.2583
898.2587
899.2585
900.2576
901.2576
902.2576
903.2576
904.2576
905.2575
906.2581
907.2585
908.2583
909.2574
910.2574
911.2575
912.2575
913.2576
914.2585
915.2584
916.2576
917.2587
918.2575
919.2576
920.2571
921.2577
922.2576
923.2586
924.2582
925.2585
926.2619
927.2576
928.2576
929.2576
930.2575
931.2576
932.2574
933.2585
934.2587
935.2559
936.2574
937.2576
938.2576
939.2576
940.2585
941.2582
942.2586
943.2575
944.2575
945.2576
946.2575
947.2576
948.2575
949.2585
950.2583
951.2585
952.2576
953.2576
954.2575
955.2577
956.2576
957.2587
958.2586
959.2587
960.2576
961.2581
962.2576
963.2576
964.2576
965.2576
966.2586
967.2583
968.2585
969.2575
970.2573
971.2573
972.2575
973.2576
974.2581
975.2544
976.2581
977.2583
978.2576
979.2576
980.2576
981.2576
982.2576
983.2586
984.2589
985.2585
986.2581
987.2576
988.2575
989.2576
990.2576
991.2516
992.2573
993.2585
994.2586
995.2575
996.2576
997.2580
998.2576
999.2582
1000.2585
1001.2587
1002.2582
1003.2577
1004.2576
1005.2576
1006.2575
1007.2573
1008.2576
1009.2581
1010.2583
1011.2586
1012.2574
1013.2576
1014.2576
1015.2575
1016.2576
1017.2576
1018.2583
1019.2582
1020.2576
1021.2559
1022.2587
1023.2585
1024.2585
1025.2575
1026.2581
1027.2583
1028.2579
1029.2581
1030.2578
1031.2581
1032.2577
1033.2581
1034.2579
1035.2581
1036.2581
1037.2578
1038.2579
1039.2581
1040.2581
1041.2583
1042.2570
1043.2582
1044.2583
1045.2582
1046.2581
1047.2580
1048.2581
1049.2579
1050.2578
1051.2583
1052.2575
1053.2579
1054.2581
1055.2571
1056.2576
1057.2573
1058.2574
1059.2589
1060.2581
1061.2582
1062.2582
1063.2685
1064.2573
1065.2574
1066.2573
1067.2573
1068.2573
1069.2578
1070.2582
1071.2582
1072.2576
1073.2575
1074.2576
1075.2576
1076.2540
1077.2581
1078.2583
1079.2581
1080.2575
1081.2575
1082.2576
1083.2575
1084.2574
1085.2575
1086.2582
1087.2582
1088.2583
1089.2576
1090.2574
1091.2576
1092.2571
1093.2576
1094.2581
1095.2583
1096.2579
1097.2566
1098.2573
1099.2575
1100.2575
1101.2575
1102.2575
1103.2586
1104.2581
1105.2585
1106.2576
1107.2576
1108.2576
1109.2574
1110.2573
1111.2574
1112.2576
1113.2582
1114.2575
1115.2575
1116.2575
1117.2573
1118.2575
1119.2559
1120.2582
1121.2585
1122.2581
1123.2576
1124.2574
1125.2575
1126.2576
1127.2576
1128.2576
1129.2603
1130.2585
1131.2582
1132.2576
1133.2575
1134.2574
1135.2575
1136.2571
1137.2583
1138.2580
1139.2634
1140.2573
1141.2577
1142.2576
1143.2576
1144.2576
1145.2551
1146.2583
1147.2581
1148.2582
1149.2575
1150.2575
1151.2576
1152.2573
1153.2575
1154.2581
1155.2582
1156.2582
1157.2574
1158.2576
1159.2573
1160.2575
1161.2575
1162.2576
1163.2585
1164.2583
1165.2583
1166.2575
1167.2575
1168.2571
1169.2573
1170.2576
1171.2575
1172.2575
1173.2581
1174.2582
1175.2576
1176.2576
1177.2574
1178.2574
1179.2574
1180.2582
1181.2582
1182.2579
1183.2575
1184.2576
1185.2576
1186.2576
1187.2576
1188.2573
1189.2509
1190.2582
1191.2579
1192.2575
1193.2575
1194.2574
1195.2576
1196.2588
1197.2583
1198.2583
1199.2586
1200.2576
1201.2576
1202.2575
1203.2575
1204.2576
1205.2576
1206.2581
1207.2583
1208.2589
1209.2576
1210.2573
1211.2574
1212.2576
1213.2571
1214.2569
1215.2581
1216.2579
1217.2576
1218.2575
1219.2574
1220.2574
1221.2573
1222.2575
1223.2586
1224.2590
1225.2583
1226.2576
1227.2575
1228.2575
1229.2576
1230.2576
1231.2578
1232.2576
1233.2582
1234.2576
1235.2576
1236.2573
1237.2576
1238.2576
1239.2575
1240.2584
1241.2582
1242.2582
1243.2576
1244.2573
1245.2573
1246.2571
1247.2574
1248.2576
1249.2544
1250.2583
1251.2583
1252.2576
1253.2576
1254.2575
1255.2576
1256.2573
1257.2576
1258.2582
1259.2583
1260.2585
1261.2576
1262.2576
1263.2576
1264.2576
1265.2576
1266.2586
1267.2582
1268.2581
1269.2583
1270.2575
1271.2544
1272.2575
1273.2576
1274.2581
1275.2583
1276.2580
1277.2583
1278.2575
1279.2576
1280.2574
1281.2575
1282.2576
1283.2582
1284.2581
1285.2579
1286.2576
1287.2576
1288.2576
1289.2574
1290.2575
1291.2566
1292.2576
1293.2583
1294.2586
1295.2576
1296.2576
1297.2576
1298.2574
1299.2575
1300.2512
1301.2582
1302.2582
1303.2576
1304.2573
1305.2573
1306.2574
1307.2576
1308.2574
1309.2583
1310.2585
1311.2576
1312.2576
1313.2575
1314.2574
1315.2576
1316.2573
1317.2586
1318.2585
1319.2585
1320.2575
1321.2576
1322.2576
1323.2576
1324.2576
1325.2575
1326.2583
1327.2585
1328.2583
1329.2576
1330.2574
1331.2575
1332.2573
1333.2575
1334.2582
1335.2581
1336.2581
1337.2586
1338.2576
1339.2577
1340.2574
1341.2545
1342.2523
1343.2582
1344.2581
1345.2582
1346.2575
1347.2573
1348.2575
1349.2574
1350.2575
1351.2549
1352.2573
1353.2583
1354.2522
1355.2574
1356.2575
1357.2576
1358.2571
1359.2575
1360.2589
1361.2602
1362.2608
1363.2576
1364.2570
1365.2575
1366.2547
1367.2576
1368.2575
1369.2581
1370.2583
1371.2583
1372.2579
1373.2574
1374.2574
1375.2575
1376.2574
1377.2583
1378.2579
1379.2582
1380.2575
1381.2572
1382.2574
1383.2575
1384.2572
1385.2575
1386.2581
1387.2583
1388.2581
1389.2571
1390.2576
1391.2576
1392.2575
1393.2574
1394.2578
1395.2582
1396.2583
1397.2579
1398.2572
1399.2574
1400.2574
1401.2576
1402.2533
1403.2583
1404.2578
1405.2581
1406.2576
1407.2575
1408.2576
1409.2574
1410.2576
1411.2575
1412.2573
1413.2583
1414.2581
1415.2583
1416.2579
1417.2581
1418.2583
1419.2582
1420.2580
1421.2582
1422.2582
1423.2576
1424.2578
1425.2579
1426.2582
1427.2579
1428.2571
1429.2581
1430.2581
1431.2575
1432.2579
1433.2579
1434.2578
1435.2582
1436.2582
1437.2578
1438.2579
1439.2663
1440.2579
1441.2570
1442.2571
1443.2573
1444.2571
1445.2575
1446.2578
1447.2579
1448.2578
1449.2573
1450.2573
1451.2575
1452.2576
1453.2576
1454.2582
1455.2583
1456.2582
1457.2583
1458.2571
1459.2573
1460.2575
1461.2575
1462.2574
1463.2578
1464.2584
1465.2581
1466.2581
1467.2576
1468.2575
1469.2573
1470.2567
1471.2574
1472.2576
1473.2581
1474.2581
1475.2577
1476.2570
1477.2575
1478.2575
1479.2575
1480.2583
1481.2535
1482.2582
1483.2576
1484.2576
1485.2576
1486.2575
1487.2578
1488.2576
1489.2579
1490.2581
1491.2582
1492.2575
1493.2574
1494.2574
1495.2576
1496.2576
1497.2581
1498.2589
1499.2589
1500.2583
1501.2576
1502.2576
1503.2576
1504.2576
1505.2570
1506.2580
1507.2586
1508.2582
1509.2576
1510.2576
1511.2576
1512.2578
1513.2576
1514.2588
1515.2583
1516.2586
1517.2594
1518.2576
1519.2576
1520.2576
1521.2575
1522.2608
1523.2586
1524.2585
1525.2586
1526.2498
1527.2576
1528.2574
1529.2576
1530.2576
1531.2586
1532.2576
1533.2585
1534.2576
1535.2576
1536.2576
1537.2576
1538.2576
1539.2576
1540.2585
1541.2585
1542.2574
1543.2576
1544.2574
1545.2581
1546.2581
1547.2576
1548.2576
1549.2585
1550.2585
1551.2587
1552.2575
1553.2576
1554.2576
1555.2576
1556.2576
1557.2586
1558.2585
1559.2580
1560.2581
1561.2577
1562.2576
1563.2576
1564.2574
1565.2575
1566.2583
1567.2586
1568.2590
1569.2576
1570.2575
1571.2575
1572.2506
1573.2576
1574.2583
1575.2588
1576.2585
1577.2585
1578.2583
1579.2576
1580.2575
1581.2574
1582.2576
1583.2585
1584.2587
1585.2583
1586.2575
1587.2576
1588.2574
1589.2576
1590.2577
1591.2576
1592.2578
1593.2585
1594.2582
1595.2575
1596.2576
1597.2575
1598.2574
1599.2576
1600.2582
1601.2582
1602.2582
1603.2586
1604.2576
1605.2575
1606.2576
1607.2581
1608.2575
1609.2586
1610.2585
1611.2581
1612.2576
1613.2576
1614.2576
1615.2576
1616.2575
1617.2597
1618.2638
1619.2585
1620.2576
1621.2576
1622.2578
1623.2576
1624.2576
1625.2576
1626.2586
1627.2587
1628.2591
1629.2576
1630.2577
1631.2576
1632.2576
1633.2576
1634.2586
1635.2583
1636.2587
1637.2595
1638.2658
1639.2575
1640.2576
1641.2576
1642.2576
1643.2583
1644.2583
1645.2586
1646.2576
1647.2576
1648.2575
1649.2576
1650.2576
1651.2609
1652.2587
1653.2587
1654.2582
1655.2576
1656.2576
1657.2576
1658.2587
1659.2576
1660.2587
1661.2587
1662.2583
1663.2639
1664.2576
1665.2576
1666.2576
1667.2576
1668.2614
1669.2583
1670.2586
1671.2583
1672.2594
1673.2576
1674.2575
1675.2576
1676.2570
1677.2586
1678.2583
1679.2583
1680.2574
1681.2576
1682.2577
1683.2573
1684.2576
1685.2576
1686.2587
1687.2586
1688.2589
1689.2577
1690.2573
1691.2575
1692.2577
1693.2574
1694.2586
1695.2587
1696.2583
1697.2577
1698.2576
1699.2576
1700.2578
1701.2576
1702.2573
1703.2585
1704.2583
1705.2585
1706.2576
1707.2573
1708.2576
1709.2574
1710.2579
1711.2576
1712.2574
1713.2581
1714.2583
1715.2574
1716.2573
1717.2571
1718.2576
1719.2575
1720.2583
1721.2586
1722.2603
1723.2585
1724.2576
1725.2575
1726.2581
1727.2586
1728.2574
1729.2582
1730.2582
1731.2582
1732.2579
1733.2580
1734.2580
1735.2583
1736.2579
1737.2583
1738.2580
1739.2544
1740.2581
1741.2576
1742.2573
1743.2576
1744.2574
1745.2576
1746.2581
1747.2582
1748.2586
1749.2574
1750.2544
1751.2575
1752.2544
1753.2575
1754.2582
1755.2580
1756.2586
1757.2582
1758.2577
1759.2574
1760.2575
1761.2576
1762.2576
1763.2583
1764.2581
1765.2582
1766.2576
1767.2576
1768.2576
1769.2576
1770.2592
1771.2574
1772.2575
1773.2586
1774.2583
1775.2575
1776.2576
1777.2575
1778.2559
1779.2543
1780.2670
1781.2583
1782.2584
1783.2587
1784.2576
1785.2575
1786.2575
1787.2576
1788.2576
1789.2575
1790.2622
1791.2582
1792.2576
1793.2576
1794.2576
1795.2576
1796.2584
1797.2586
1798.2583
1799.2559
1800.2501
1801.2551
1802.2574
1803.2576
1804.2573
1805.2576
1806.2582
1807.2585
1808.2586
1809.2576
1810.2573
1811.2577
1812.2576
1813.2576
1814.2583
1815.2581
1816.2586
1817.2581
1818.2575
1819.2539
1820.2575
1821.2576
1822.2575
1823.2587
1824.2586
1825.2587
1826.2576
1827.2576
1828.2576
1829.2576
1830.2571
1831.2576
1832.2585
1833.2587
1834.2586
1835.2577
1836.2576
1837.2576
1838.2573
1839.2637
1840.2583
1841.2583
1842.2582
1843.2587
1844.2576
1845.2577
1846.2576
1847.2576
1848.2576
1849.2598
1850.2592
1851.2583
1852.2576
1853.2576
1854.2575
1855.2574
1856.2576
1857.2588
1858.2595
1859.2576
1860.2586
1861.2579
1862.2581
1863.2576
1864.2574
1865.2512
1866.2583
1867.2582
1868.2583
1869.2573
1870.2574
1871.2577
1872.2576
1873.2569
1874.2583
1875.2585
1876.2583
1877.2583
1878.2576
1879.2576
1880.2576
1881.2573
1882.2574
1883.2585
1884.2586
1885.2583
1886.2576
1887.2578
1888.2576
1889.2576
1890.2578
1891.2577
1892.2585
1893.2585
1894.2537
1895.2575
1896.2523
1897.2576
1898.2576
1899.2576
1900.2583
1901.2589
1902.2586
1903.2589
1904.2576
1905.2576
1906.2576
1907.2578
1908.2576
1909.2583
1910.2582
1911.2583
1912.2575
1913.2574
1914.2574
1915.2576
1916.2572
1917.2580
1918.2579
1919.2578
1920.2582
1921.2576
1922.2581
1923.2569
1924.2576
1925.2573
1926.2577
1927.2577
1928.2577
1929.2571
1930.2558
1931.2559
1932.2576
1933.2571
1934.2580
1935.2581
1936.2583
1937.2582
1938.2576
1939.2576
1940.2577
1941.2576
1942.2576
1943.2577
1944.2583
1945.2588
1946.2569
1947.2576
1948.2575
1949.2575
1950.2576
1951.2575
1952.2586
1953.2581
1954.2576
1955.2577
1956.2576
1957.2576
1958.2576
1959.2576
1960.2581
1961.2581
1962.2583
1963.2578
1964.2526
1965.2576
1966.2576
1967.2577
1968.2576
1969.2589
1970.2593
1971.2586
1972.2581
1973.2571
1974.2559
1975.2574
1976.2576
1977.2583
1978.2597
1979.2587
1980.2586
1981.2576
1982.2576
1983.2528
1984.2575
1985.2575
1986.2586
1987.2580
1988.2583
1989.2576
1990.2576
1991.2525
1992.2576
1993.2574
1994.2583
1995.2587
1996.2586
1997.2576
1998.2576
1999.2607
2000.2576
2001.2576
2002.2577
2003.2585
2004.2665
2005.2583
2006.2576
2007.2576
2008.2576
2009.2575
2010.2575
2011.2578
2012.2585
2013.2579
2014.2579
2015.2576
2016.2576
2017.2575
2018.2573
2019.2575
2020.2579
2021.2582
2022.2582
2023.2586
2024.2576
2025.2576
2026.2576
2027.2570
2028.2574
2029.2590
2030.2584
2031.2580
2032.2578
2033.2576
2034.2576
2035.2567
2036.2576
2037.2587
2038.2582
2039.2585
2040.2582
2041.2574
2042.2578
2043.2575
2044.2573
2045.2686
2046.2581
2047.2581
2048.2581
2049.2575
2050.2574
2051.2576
2052.2575
2053.2572
2054.2580
2055.2636
2056.2513
2057.2582
2058.2574
2059.2574
2060.2575
2061.2575
2062.2578
2063.2581
2064.2583
2065.2583
2066.2576
2067.2576
2068.2576
2069.2576
2070.2567
2071.2558
2072.2583
2073.2586
2074.2585
2075.2572
2076.2576
2077.2607
2078.2576
2079.2574
2080.2581
2081.2582
2082.2583
2083.2587
2084.2576
2085.2575
2086.2576
2087.2533
2088.2508
2089.2583
2090.2583
2091.2583
2092.2575
2093.2573
2094.2576
2095.2575
2096.2574
2097.2583
2098.2581
2099.2584
2100.2581
2101.2578
2102.2583
2103.2573
2104.2576
2105.2577
2106.2585
2107.2588
2108.2586
2109.2579
2110.2585
2111.2584
2112.2581
2113.2582
2114.2579
2115.2582
2116.2581
2117.2579
2118.2579
2119.2558
2120.2579
2121.2579
2122.2594
2123.2580
2124.2581
2125.2577
2126.2572
2127.2580
2128.2579
2129.2606
2130.2608
2131.2576
2132.2580
2133.2581
2134.2582
2135.2575
2136.2576
2137.2574
2138.2575
2139.2576
2140.2581
2141.2582
2142.2587
2143.2576
2144.2580
2145.2545
2146.2574
2147.2575
2148.2573
2149.2512
2150.2576
2151.2579
2152.2574
2153.2573
2154.2569
2155.2576
2156.2575
2157.2545
2158.2580
2159.2581
2160.2575
2161.2577
2162.2575
2163.2576
2164.2576
2165.2576
2166.2582
2167.2579
2168.2582
2169.2573
2170.2695
2171.2576
2172.2577
2173.2576
2174.2580
2175.2582
2176.2587
2177.2585
2178.2576
2179.2575
2180.2576
2181.2576
2182.2574
2183.2576
2184.2582
2185.2581
2186.2574
2187.2576
2188.2588
2189.2576
2190.2576
2191.2578
2192.2586
2193.2579
2194.2579
2195.2576
2196.2575
2197.2575
2198.2575
2199.2576
2200.2585
2201.2575
2202.2583
2203.2573
2204.2574
2205.2574
2206.2573
2207.2574
2208.2575
2209.2581
2210.2583
2211.2576
2212.2577
2213.2576
2214.2578
2215.2574
2216.2574
2217.2582
2218.2582
2219.2585
2220.2575
2221.2576
2222.2586
2223.2576
2224.2672
2225.2576
2226.2582
2227.2583
2228.2581
2229.2576
2230.2575
2231.2576
2232.2588
2233.2576
2234.2586
2235.2585
2236.2585
2237.2585
2238.2576
2239.2586
2240.2582
2241.2583
2242.2574
2243.2581
2244.2580
2245.2579
2246.2582
2247.2583
2248.2579
2249.2579
2250.2582
2251.2571
2252.2581
2253.2557
2254.2578
2255.2686
2256.2576
2257.2576
2258.2575
2259.2575
2260.2581
2261.2583
2262.2587
2263.2576
2264.2575
2265.2575
2266.2571
2267.2576
2268.2576
2269.2581
2270.2583
2271.2586
2272.2576
2273.2576
2274.2575
2275.2576
2276.2576
2277.2583
2278.2582
2279.2582
2280.2581
2281.2576
2282.2579
2283.2577
2284.2576
2285.2576
2286.2584
2287.2576
2288.2533
2289.2576
2290.2574
2291.2575
2292.2576
2293.2573
2294.2581
2295.2581
2296.2583
2297.2573
2298.2577
2299.2576
2300.2577
2301.2576
2302.2576
2303.2583
2304.2581
2305.2575
2306.2571
2307.2614
2308.2575
2309.2575
2310.2576
2311.2576
2312.2584
2313.2583
2314.2585
2315.2576
2316.2574
2317.2576
2318.2573
2319.2575
2320.2581
2321.2582
2322.2583
2323.2576
2324.2576
2325.2575
2326.2573
2327.2573
2328.2575
2329.2589
2330.2581
2331.2583
2332.2575
2333.2576
2334.2576
2335.2576
2336.2576
2337.2583
2338.2581
2339.2581
2340.2587
2341.2578
2342.2559
2343.2576
2344.2576
2345.2575
2346.2583
2347.2583
2348.2587
2349.2579
2350.2575
2351.2571
2352.2576
2353.2576
2354.2582
2355.2582
2356.2580
2357.2583
2358.2567
2359.2575
2360.2576
2361.2576
2362.2576
2363.2582
2364.2581
2365.2581
2366.2576
2367.2575
2368.2576
2369.2575
2370.2574
2371.2576
2372.2585
2373.2583
2374.2576
2375.2576
2376.2573
2377.2575
2378.2571
2379.2575
2380.2585
2381.2583
2382.2655
2383.2577
2384.2576
2385.2577
2386.2576
2387.2558
2388.2575
2389.2580
2390.2585
2391.2585
2392.2546
2393.2576
2394.2576
2395.2576
2396.2576
2397.2584
2398.2583
2399.2575
2400.2585
2401.2573
2402.2584
2403.2574
2404.2576
2405.2576
2406.2583
2407.2583
2408.2585
2409.2575
2410.2575
2411.2574
2412.2575
2413.2575
2414.2583
2415.2585
2416.2586
2417.2589
2418.2576
2419.2576
2420.2576
2421.2576
2422.2576
2423.2573
2424.2615
2425.2585
2426.2576
2427.2576
2428.2574
2429.2577
2430.2576
2431.2576
2432.2582
2433.2583
2434.2575
2435.2575
2436.2574
2437.2574
2438.2576
2439.2576
2440.2587
2441.2585
2442.2587
2443.2576
2444.2576
2445.2575
2446.2571
2447.2575
2448.2575
2449.2581
2450.2582
2451.2583
2452.2575
2453.2576
2454.2576
2455.2571
2456.2576
2457.2586
2458.2579
2459.2583
2460.2576
2461.2576
2462.2576
2463.2576
2464.2576
2465.2576
2466.2586
2467.2572
2468.2579
2469.2575
2470.2575
2471.2575
2472.2575
2473.2576
2474.2576
2475.2585
2476.2582
2477.2576
2478.2570
2479.2575
2480.2576
2481.2573
2482.2575
2483.2584
2484.2581
2485.2583
2486.2576
2487.2576
2488.2575
2489.2576
2490.2576
2491.2576
2492.2585
2493.2586
2494.2584
2495.2576
2496.2576
2497.2574
2498.2571
2499.2587
2500.2578
2501.2583
2502.2587
2503.2575
2504.2576
2505.2578
2506.2538
2507.2576
2508.2501
2509.2583
2510.2579
2511.2586
2512.2573
2513.2576
2514.2576
2515.2576
2516.2576
2517.2585
2518.2586
2519.2583
2520.2585
2521.2571
2522.2579
2523.2572
2524.2576
2525.2573
2526.2581
2527.2583
2528.2583
2529.2576
2530.2574
2531.2576
2532.2576
2533.2575
2534.2583
2535.2580
2536.2580
2537.2586
2538.2576
2539.2576
2540.2576
2541.2575
2542.2570
2543.2583
2544.2582
2545.2582
2546.2575
2547.2576
2548.2576
2549.2582
2550.2576
2551.2544
2552.2585
2553.2567
2554.2583
2555.2575
2556.2575
2557.2576
2558.2569
2559.2574
2560.2581
2561.2582
2562.2544
2563.2532
2564.2576
2565.2576
2566.2576
2567.2576
2568.2576
2569.2546
2570.2583
2571.2581
2572.2576
2573.2572
2574.2542
2575.2551
2576.2577
2577.2578
2578.2579
2579.2582
2580.2585
2581.2576
2582.2576
2583.2575
2584.2571
2585.2574
2586.2578
2587.2583
2588.2581
2589.2574
2590.2571
2591.2573
2592.2573
2593.2575
2594.2585
2595.2525
2596.2548
2597.2588
2598.2575
2599.2577
2600.2572
2601.2576
2602.2576
2603.2583
2604.2582
2605.2582
2606.2523
2607.2574
2608.2576
2609.2576
2610.2576
2611.2576
2612.2583
2613.2580
2614.2583
2615.2582
2616.2580
2617.2579
2618.2579
2619.2581
2620.2580
2621.2579
2622.2579
2623.2581
2624.2581
2625.2582
2626.2585
2627.2577
2628.2566
2629.2583
2630.2578
2631.2581
2632.2578
2633.2580
2634.2577
2635.2581
2636.2580
2637.2542
2638.2587
2639.2581
2640.2583
2641.2569
2642.2573
2643.2517
2644.2574
2645.2571
2646.2582
2647.2579
2648.2583
2649.2576
2650.2576
2651.2576
2652.2576
2653.2575
2654.2583
2655.2580
2656.2578
2657.2584
2658.2576
2659.2575
2660.2577
2661.2574
2662.2549
2663.2582
2664.2581
2665.2577
2666.2576
2667.2573
2668.2575
2669.2576
2670.2572
2671.2525
2672.2582
2673.2579
2674.2575
2675.2575
2676.2587
2677.2571
2678.2573
2679.2573
2680.2581
2681.2583
2682.2585
2683.2576
2684.2573
2685.2574
2686.2571
2687.2574
2688.2574
2689.2583
2690.2583
2691.2582
2692.2574
2693.2576
2694.2576
2695.2574
2696.2597
2697.2582
2698.2579
2699.2583
2700.2575
2701.2576
2702.2573
2703.2576
2704.2574
2705.2579
2706.2583
2707.2581
2708.2585
2709.2576
2710.2576
2711.2576
2712.2576
2713.2576
2714.2584
2715.2558
2716.2593
2717.2585
2718.2575
2719.2576
2720.2576
2721.2579
2722.2576
2723.2585
2724.2580
2725.2583
2726.2585
2727.2574
2728.2576
2729.2576
2730.2575
2731.2533
2732.2582
2733.2583
2734.2586
2735.2576
2736.2576
2737.2573
2738.2574
2739.2575
2740.2582
2741.2585
2742.2583
2743.2576
2744.2575
2745.2576
2746.2576
2747.2574
2748.2570
2749.2583
2750.2586
2751.2583
2752.2575
2753.2579
2754.2576
2755.2576
2756.2575
2757.2586
2758.2541
2759.2583
2760.2574
2761.2576
2762.2575
2763.2559
2764.2575
2765.2575
2766.2584
2767.2585
2768.2585
2769.2576
2770.2576
2771.2574
2772.2576
2773.2576
2774.2582
2775.2582
2776.2576
2777.2582
2778.2576
2779.2577
2780.2574
2781.2576
2782.2574
2783.2582
2784.2580
2785.2573
2786.2575
2787.2575
2788.2576
2789.2592
2790.2659
2791.2528
2792.2583
2793.2581
2794.2587
2795.2576
2796.2547
2797.2575
2798.2575
2799.2573
2800.2595
2801.2582
2802.2582
2803.2576
2804.2576
2805.2576
2806.2575
2807.2576
2808.2575
2809.2581
2810.2581
2811.2695
2812.2576
2813.2574
2814.2575
2815.2575
2816.2576
2817.2583
2818.2603
2819.2583
2820.2582
2821.2576
2822.2571
2823.2572
2824.2576
2825.2575
2826.2579
2827.2579
2828.2578
2829.2571
2830.2576
2831.2576
2832.2572
2833.2576
2834.2586
2835.2583
2836.2581
2837.2585
2838.2574
2839.2575
2840.2576
2841.2576
2842.2575
2843.2583
2844.2577
2845.2583
2846.2574
2847.2576
2848.2574
2849.2573
2850.2576
2851.2576
2852.2577
2853.2588
2854.2535
2855.2575
2856.2576
2857.2576
2858.2576
2859.2580
2860.2584
2861.2583
2862.2583
2863.2576
2864.2573
2865.2575
2866.2573
2867.2576
2868.2575
2869.2583
2870.2582
2871.2582
2872.2574
2873.2573
2874.2574
2875.2576
2876.2573
2877.2577
2878.2582
2879.2579
2880.2583
2881.2575
2882.2574
2883.2569
2884.2574
2885.2576
2886.2583
2887.2607
2888.2597
2889.2576
2890.2574
2891.2570
2892.2572
2893.2574
2894.2583
2895.2582
2896.2586
2897.2605
2898.2567
2899.2574
2900.2574
2901.2574
2902.2576
2903.2586
2904.2589
2905.2585
2906.2575
2907.2576
2908.2554
2909.2571
2910.2573
2911.2574
2912.2582
2913.2583
2914.2585
2915.2576
2916.2574
2917.2576
2918.2575
2919.2573
2920.2594
2921.2583
2922.2582
2923.2576
2924.2575
2925.2576
2926.2576
2927.2576
2928.2572
2929.2591
2930.2581
2931.2583
2932.2576
2933.2576
2934.2577
2935.2576
2936.2576
2937.2586
2938.2583
2939.2583
2940.2567
2941.2584
2942.2575
2943.2576
2944.2558
2945.2574
2946.2583
2947.2586
2948.2583
2949.2576
2950.2576
2951.2574
2952.2559
2953.2573
2954.2581
2955.2581
2956.2579
2957.2581
2958.2575
2959.2576
2960.2576
2961.2496
2962.2559
2963.2581
2964.2581
2965.2582
2966.2576
2967.2573
2968.2576
2969.2574
2970.2577
2971.2571
2972.2585
2973.2585
2974.2582
2975.2573
2976.2576
2977.2574
2978.2575
2979.2576
2980.2581
2981.2546
2982.2583
2983.2576
2984.2576
2985.2576
2986.2576
2987.2576
2988.2571
2989.2581
2990.2579
2991.2582
2992.2575
2993.2571
2994.2641
2995.2574
2996.2575
2997.2579
2998.2591
2999.2583
3000.2583
3001.2573
3002.2576
3003.2575
3004.2576
3005.2576
3006.2585
3007.2585
3008.2574
3009.2575
3010.2576
3011.2583
3012.2583
3013.2586
3014.2580
3015.2579
3016.2579
3017.2579
3018.2583
3019.2581
3020.2581
3021.2581
3022.2575
3023.2583
3024.2579
3025.2581
3026.2580
3027.2579
3028.2580
3029.2581
3030.2580
3031.2558
3032.2582
3033.2579
3034.2582
3035.2574
3036.2573
3037.2572
3038.2571
3039.2574
3040.2577
3041.2578
3042.2581
3043.2559
3044.2576
3045.2573
3046.2575
3047.2575
3048.2574
3049.2581
3050.2580
3051.2579
3052.2576
3053.2576
3054.2576
3055.2575
3056.2576
3057.2583
3058.2619
3059.2582
3060.2582
3061.2583
3062.2573
3063.2574
3064.2573
3065.2576
3066.2585
3067.2587
3068.2583
3069.2574
3070.2538
3071.2576
3072.2572
3073.2571
3074.2583
3075.2583
3076.2588
3077.2589
3078.2576
3079.2573
3080.2575
3081.2573
3082.2574
3083.2579
3084.2582
3085.2582
3086.2576
3087.2576
3088.2576
3089.2573
3090.2576
3091.2576
3092.2583
3093.2583
3094.2580
3095.2582
3096.2579
3097.2581
3098.2583
3099.2582
3100.2582
3101.2587
3102.2513
3103.2576
3104.2587
3105.2577
3106.2579
3107.2579
3108.2572
3109.2579
3110.2576
3111.2578
3112.2579
3113.2576
3114.2579
3115.2578
3116.2579
3117.2577
3118.2578
3119.2580
3120.2586
3121.2573
3122.2573
3123.2573
3124.2572
3125.2582
3126.2581
3127.2583
3128.2579
3129.2572
3130.2573
3131.2574
3132.2572
3133.2574
3134.2581
3135.2688
3136.2581
3137.2586
3138.2574
3139.2571
3140.2519
3141.2574
3142.2590
3143.2581
3144.2581
3145.2583
3146.2544
3147.2576
3148.2576
3149.2576
3150.2576
3151.2576
3152.2581
3153.2582
3154.2579
3155.2576
3156.2559
3157.2573
3158.2576
3159.2576
3160.2586
3161.2583
3162.2588
3163.2575
3164.2574
3165.2575
3166.2575
3167.2573
3168.2576
3169.2582
3170.2581
3171.2585
3172.2545
3173.2573
3174.2573
3175.2573
3176.2576
3177.2588
3178.2577
3179.2583
3180.2587
3181.2574
3182.2575
3183.2575
3184.2576
3185.2572
3186.2583
3187.2582
3188.2579
3189.2575
3190.2576
3191.2573
3192.2576
3193.2576
3194.2583
3195.2585
3196.2585
3197.2582
3198.2574
3199.2575
3200.2573
3201.2576
3202.2576
3203.2582
3204.2582
3205.2583
3206.2575
3207.2576
3208.2576
3209.2545
3210.2573
3211.2573
3212.2580
3213.2582
3214.2580
3215.2576
3216.2576
3217.2575
3218.2571
3219.2630
3220.2614
3221.2583
3222.2586
3223.2576
3224.2574
3225.2576
3226.2574
3227.2575
3228.2577
3229.2582
3230.2581
3231.2581
3232.2574
3233.2576
3234.2576
3235.2576
3236.2575
3237.2585
3238.2580
3239.2580
3240.2583
3241.2574
3242.2576
3243.2576
3244.2574
3245.2576
3246.2585
3247.2584
3248.2583
3249.2574
3250.2576
3251.2608
3252.2551
3253.2575
3254.2582
3255.2582
3256.2580
3257.2583
3258.2576
3259.2576
3260.2576
3261.2576
3262.2576
3263.2608
3264.2579
3265.2586
3266.2575
3267.2576
3268.2576
3269.2576
3270.2576
3271.2576
3272.2585
3273.2585
3274.2650
3275.2576
3276.2575
3277.2574
3278.2575
3279.2582
3280.2585
3281.2584
3282.2586
3283.2576
3284.2576
3285.2576
3286.2576
3287.2576
3288.2573
3289.2584
3290.2580
3291.2585
3292.2575
3293.2577
3294.2576
3295.2577
3296.2576
3297.2586
3298.2581
3299.2585
3300.2583
3301.2577
3302.2576
3303.2575
3304.2576
3305.2576
3306.2585
3307.2584
3308.2583
3309.2576
3310.2576
3311.2576
3312.2576
3313.2576
3314.2586
3315.2586
3316.2584
3317.2576
3318.2575
3319.2574
3320.2577
3321.2575
3322.2576
3323.2590
3324.2586
3325.2587
3326.2576
3327.2574
3328.2576
3329.2576
3330.2576
3331.2577
3332.2583
3333.2591
3334.2576
3335.2576
3336.2576
3337.2576
3338.2576
3339.2559
3340.2581
3341.2582
3342.2583
3343.2574
3344.2576
3345.2576
3346.2577
3347.2576
3348.2575
3349.2585
3350.2613
3351.2581
3352.2575
3353.2582
3354.2576
3355.2577
3356.2576
3357.2583
3358.2582
3359.2581
3360.2574
3361.2576
3362.2591
3363.2576
3364.2576
3365.2577
3366.2581
3367.2583
3368.2593
3369.2576
3370.2575
3371.2544
3372.2576
3373.2575
3374.2581
3375.2581
3376.2580
3377.2583
3378.2576
3379.2575
3380.2576
3381.2579
3382.2574
3383.2582
3384.2579
3385.2582
3386.2579
3387.2576
3388.2576
3389.2576
3390.2576
3391.2576
3392.2582
3393.2582
3394.2584
3395.2576
3396.2572
3397.2574
3398.2576
3399.2576
3400.2597
3401.2582
3402.2582
3403.2575
3404.2523
3405.2542
3406.2576
3407.2576
3408.2574
3409.2583
3410.2583
3411.2582
3412.2576
3413.2576
3414.2576
3415.2576
3416.2578
3417.2582
3418.2583
3419.2584
3420.2586
3421.2593
3422.2573
3423.2576
3424.2573
3425.2569
3426.2670
3427.2583
3428.2583
3429.2576
3430.2580
3431.2576
3432.2576
3433.2576
3434.2581
3435.2583
3436.2583
3437.2588
3438.2575
3439.2574
3440.2575
3441.2574
3442.2573
3443.2585
3444.2582
3445.2585
3446.2576
3447.2575
3448.2581
3449.2579
3450.2579
3451.2575
3452.2579
3453.2559
3454.2583
3455.2576
3456.2574
3457.2576
3458.2551
3459.2575
3460.2531
3461.2580
3462.2579
3463.2576
3464.2575
3465.2576
3466.2575
3467.2576
3468.2576
3469.2581
3470.2579
3471.2581
3472.2576
3473.2575
3474.2575
3475.2573
3476.2541
3477.2583
3478.2581
3479.2535
3480.2583
3481.2580
3482.2575
3483.2574
3484.2573
3485.2576
3486.2581
3487.2582
3488.2586
3489.2576
3490.2576
3491.2570
3492.2571
3493.2571
3494.2583
3495.2586
3496.2583
3497.2593
3498.2575
3499.2571
3500.2575
3501.2575
3502.2575
3503.2583
3504.2583
3505.2581
3506.2573
3507.2574
3508.2575
3509.2576
3510.2576
3511.2576
3512.2583
3513.2581
3514.2582
3515.2574
3516.2584
3517.2576
3518.2546
3519.2577
3520.2580
3521.2583
3522.2580
3523.2584
3524.2576
3525.2575
3526.2525
3527.2575
3528.2572
3529.2583
3530.2582
3531.2582
3532.2575
3533.2575
3534.2573
3535.2575
3536.2578
3537.2581
3538.2577
3539.2585
3540.2586
3541.2595
3542.2571
3543.2575
3544.2575
3545.2574
3546.2582
3547.2608
3548.2620
3549.2574
3550.2576
3551.2575
3552.2573
3553.2576
3554.2583
3555.2586
3556.2582
3557.2582
3558.2547
3559.2584
3560.2576
3561.2576
3562.2576
3563.2581
3564.2579
3565.2581
3566.2574
3567.2576
3568.2574
3569.2578
3570.2571
3571.2570
3572.2582
3573.2582
3574.2581
3575.2576
3576.2574
3577.2576
3578.2575
3579.2555
3580.2578
3581.2582
3582.2599
3583.2526
3584.2574
3585.2575
3586.2576
3587.2575
3588.2576
3589.2559
3590.2580
3591.2583
3592.2575
3593.2576
3594.2574
3595.2574
3596.2573
3597.2595
3598.2585
3599.2581
3600.2582
3601.2573
3602.2574
3603.2575
3604.2575
3605.2574
3606.2583
3607.2582
3608.2583
3609.2576
3610.2573
3611.2571
3612.2559
3613.2572
3614.2583
3615.2576
3616.2583
3617.2581
3618.2576
3619.2575
3620.2576
3621.2575
3622.2574
3623.2582
3624.2580
3625.2581
3626.2576
3627.2576
3628.2553
3629.2573
3630.2574
3631.2573
3632.2582
3633.2581
3634.2582
3635.2576
3636.2574
3637.2576
3638.2572
3639.2572
3640.2581
3641.2581
3642.2581
3643.2576
3644.2577
3645.2574
3646.2576
3647.2573
3648.2574
3649.2581
3650.2582
3651.2617
3652.2575
3653.2576
3654.2574
3655.2575
3656.2573
3657.2582
3658.2581
3659.2583
3660.2585
3661.2576
3662.2569
3663.2576
3664.2576
3665.2526
3666.2559
3667.2588
3668.2584
3669.2574
3670.2571
3671.2576
3672.2574
3673.2576
3674.2584
3675.2581
3676.2581
3677.2576
3678.2576
3679.2576
3680.2576
3681.2575
3682.2576
3683.2583
3684.2585
3685.2582
3686.2571
3687.2576
3688.2574
3689.2574
3690.2576
3691.2573
3692.2582
3693.2582
3694.2585
3695.2576
3696.2574
3697.2576
3698.2576
3699.2575
3700.2583
3701.2585
3702.2585
3703.2576
3704.2576
3705.2576
3706.2574
3707.2579
3708.2573
3709.2581
3710.2582
3711.2582
3712.2576
3713.2574
3714.2576
3715.2576
3716.2576
3717.2585
3718.2581
3719.2583
3720.2582
3721.2576
3722.2583
3723.2574
3724.2576
3725.2573
3726.2581
3727.2601
3728.2579
3729.2570
3730.2573
3731.2506
3732.2614
3733.2573
3734.2580
3735.2582
3736.2582
3737.2583
3738.2576
3739.2576
3740.2576
3741.2576
3742.2545
3743.2582
3744.2581
3745.2582
3746.2573
3747.2576
3748.2572
3749.2576
3750.2575
3751.2576
3752.2582
3753.2582
3754.2586
3755.2576
3756.2576
3757.2575
3758.2576
3759.2575
3760.2586
3761.2582
3762.2582
3763.2575
3764.2549
3765.2573
3766.2576
3767.2576
3768.2576
3769.2583
3770.2583
3771.2582
3772.2575
3773.2575
3774.2573
3775.2577
3776.2570
3777.2580
3778.2578
3779.2579
3780.2576
3781.2576
3782.2576
3783.2574
3784.2576
3785.2571
3786.2579
3787.2581
3788.2587
3789.2574
3790.2571
3791.2572
3792.2575
3793.2522
3794.2583
3795.2582
3796.2579
3797.2574
3798.2576
3799.2574
3800.2575
3801.2576
3802.2575
3803.2581
3804.2583
3805.2581
3806.2576
3807.2576
3808.2572
3809.2576
3810.2576
3811.2574
3812.2583
3813.2582
3814.2583
3815.2576
3816.2576
3817.2581
3818.2575
3819.2576
3820.2582
3821.2586
3822.2573
3823.2575
3824.2575
3825.2576
3826.2576
3827.2576
3828.2573
3829.2580
3830.2583
3831.2585
3832.2575
3833.2576
3834.2576
3835.2575
3836.2574
3837.2587
3838.2582
3839.2589
3840.2583
3841.2547
3842.2576
3843.2575
3844.2576
3845.2576
3846.2583
3847.2583
3848.2583
3849.2539
3850.2577
3851.2576
3852.2576
3853.2575
3854.2579
3855.2579
3856.2583
3857.2585
3858.2573
3859.2575
3860.2575
3861.2575
3862.2576
3863.2576
3864.2581
3865.2587
3866.2576
3867.2576
3868.2576
3869.2575
3870.2575
3871.2576
3872.2585
3873.2585
3874.2587
3875.2576
3876.2576
3877.2576
3878.2576
3879.2576
3880.2585
3881.2559
3882.2586
3883.2576
3884.2576
3885.2576
3886.2576
3887.2576
3888.2575
3889.2586
3890.2583
3891.2587
3892.2577
3893.2573
3894.2576
3895.2574
3896.2581
3897.2581
3898.2583
3899.2583
3900.2583
3901.2577
3902.2576
3903.2574
3904.2577
3905.2576
3906.2581
3907.2581
3908.2582
3909.2537
3910.2574
3911.2574
3912.2593
3913.2572
3914.2582
3915.2581
3916.2605
3917.2585
3918.2575
3919.2580
3920.2574
3921.2553
3922.2605
3923.2581
3924.2579
3925.2570
3926.2574
3927.2576
3928.2573
3929.2576
3930.2575
3931.2608
3932.2578
3933.2582
3934.2577
3935.2575
3936.2573
3937.2574
3938.2576
3939.2578
3940.2575
3941.2583
3942.2583
3943.2573
3944.2576
3945.2576
3946.2576
3947.2578
3948.2571
3949.2585
3950.2583
3951.2583
3952.2576
3953.2576
3954.2576
3955.2576
3956.2573
3957.2583
3958.2585
3959.2583
3960.2576
3961.2578
3962.2574
3963.2576
3964.2574
3965.2574
3966.2581
3967.2585
3968.2583
3969.2571
3970.2570
3971.2607
3972.2546
3973.2573
3974.2578
3975.2581
3976.2582
3977.2583
3978.2575
3979.2575
3980.2575
3981.2576
3982.2573
3983.2583
3984.2580
3985.2582
3986.2574
3987.2575
3988.2586
3989.2575
3990.2574
3991.2576
3992.2581
3993.2578
3994.2635
3995.2576
3996.2575
3997.2576
3998.2575
3999.2574
4000.2581
4001.2577
4002.2585
4003.2575
4004.2571
4005.2576
4006.2574
4007.2659
4008.2572
4009.2578
4010.2579
4011.2579
4012.2571
4013.2574
4014.2571
4015.2572
4016.2582
4017.2583
4018.2583
4019.2583
4020.2576
4021.2576
4022.2576
4023.2576
4024.2572
4025.2551
4026.2545
4027.2581
4028.2581
4029.2575
4030.2576
4031.2575
4032.2575
4033.2576
4034.2585
4035.2585
4036.2581
4037.2582
4038.2559
4039.2581
4040.2574
4041.2575
4042.2571
4043.2581
4044.2581
4045.2585
4046.2574
4047.2574
4048.2576
4049.2573
4050.2544
4051.2573
4052.2582
4053.2582
4054.2581
4055.2574
4056.2571
4057.2569
4058.2667
4059.2576
4060.2582
4061.2582
4062.2582
4063.2576
4064.2574
4065.2576
4066.2573
4067.2576
4068.2575
4069.2582
4070.2585
4071.2586
4072.2575
4073.2574
4074.2575
4075.2573
4076.2574
4077.2583
4078.2581
4079.2591
4080.2583
4081.2574
4082.2576
4083.2575
4084.2574
4085.2575
4086.2579
4087.2581
4088.2581
4089.2567
4090.2569
4091.2576
4092.2575
4093.2576
4094.2584
4095.2583
4096.2583
4097.2579
4098.2576
4099.2575
4100.2575
4101.2574
4102.2575
4103.2581
4104.2583
4105.2582
4106.2576
4107.2576
4108.2574
4109.2576
4110.2571
4111.2566
4112.2581
4113.2582
4114.2583
4115.2571
4116.2576
4117.2575
4118.2576
4119.2576
4120.2586
4121.2576
4122.2586
4123.2583
4124.2573
4125.2577
4126.2573
4127.2578
4128.2575
4129.2581
4130.2581
4131.2585
4132.2576
4133.2576
4134.2624
4135.2576
4136.2576
4137.2575
4138.2538
4139.2583
4140.2575
4141.2575
4142.2576
4143.2570
4144.2576
4145.2574
4146.2585
4147.2581
4148.2582
4149.2550
4150.2576
4151.2576
4152.2576
4153.2576
4154.2582
4155.2587
4156.2567
4157.2586
4158.2575
4159.2576
4160.2573
4161.2576
4162.2575
4163.2583
4164.2585
4165.2586
4166.2576
4167.2576
4168.2575
4169.2576
4170.2574
4171.2511
4172.2583
4173.2582
4174.2585
4175.2575
4176.2574
4177.2575
4178.2575
4179.2576
4180.2582
4181.2581
4182.2581
4183.2576
4184.2576
4185.2575
4186.2575
4187.2577
4188.2575
4189.2578
4190.2583
4191.2582
4192.2571
4193.2576
4194.2512
4195.2575
4196.2576
4197.2586
4198.2582
4199.2581
4200.2576
4201.2577
4202.2602
4203.2583
4204.2573
4205.2576
4206.2581
4207.2581
4208.2582
4209.2576
4210.2576
4211.2576
4212.2576
4213.2575
4214.2583
4215.2583
4216.2585
4217.2587
4218.2576
4219.2601
4220.2574
4221.2575
4222.2575
4223.2582
4224.2582
4225.2582
4226.2577
4227.2588
4228.2589
4229.2582
4230.2588
4231.2567
4232.2583
4233.2579
4234.2582
4235.2595
4236.2574
4237.2574
4238.2576
4239.2576
4240.2582
4241.2581
4242.2583
4243.2576
4244.2576
4245.2574
4246.2576
4247.2576
4248.2575
4249.2587
4250.2582
4251.2581
4252.2572
4253.2576
4254.2573
4255.2576
4256.2575
4257.2583
4258.2582
4259.2585
4260.2586
4261.2576
4262.2573
4263.2575
4264.2576
4265.2576
4266.2583
4267.2587
4268.2577
4269.2573
4270.2576
4271.2583
4272.2574
4273.2574
4274.2583
4275.2547
4276.2581
4277.2582
4278.2576
4279.2576
4280.2576
4281.2575
4282.2571
4283.2583
4284.2579
4285.2581
4286.2574
4287.2576
4288.2576
4289.2574
4290.2575
4291.2575
4292.2608
4293.2582
4294.2575
4295.2573
4296.2576
4297.2571
4298.2576
4299.2575
4300.2586
4301.2585
4302.2583
4303.2575
4304.2574
4305.2576
4306.2576
4307.2574
4308.2576
4309.2580
4310.2582
4311.2581
4312.2576
4313.2581
4314.2586
4315.2583
4316.2579
4317.2578
4318.2581
4319.2579
4320.2579
4321.2576
4322.2570
4323.2571
4324.2576
4325.2575
4326.2582
4327.2585
4328.2582
4329.2575
4330.2576
4331.2574
4332.2572
4333.2574
4334.2580
4335.2571
4336.2581
4337.2574
4338.2575
4339.2575
4340.2574
4341.2573
4342.2573
4343.2578
4344.2580
4345.2583
4346.2573
4347.2570
4348.2526
4349.2576
4350.2576
4351.2577
4352.2585
4353.2585
4354.2587
4355.2576
4356.2576
4357.2576
4358.2523
4359.2575
4360.2581
4361.2582
4362.2581
4363.2583
4364.2576
4365.2576
4366.2574
4367.2575
4368.2571
4369.2583
4370.2579
4371.2576
4372.2573
4373.2575
4374.2575
4375.2574
4376.2574
4377.2577
4378.2582
4379.2582
4380.2583
4381.2576
4382.2547
4383.2574
4384.2575
4385.2571
4386.2579
4387.2583
4388.2584
4389.2573
4390.2574
4391.2573
4392.2573
4393.2574
4394.2582
4395.2581
4396.2580
4397.2585
4398.2572
4399.2575
4400.2577
4401.2575
4402.2575
4403.2583
4404.2581
4405.2581
4406.2575
4407.2573
4408.2579
4409.2587
4410.2559
4411.2572
4412.2576
4413.2581
4414.2579
4415.2578
4416.2577
4417.2580
4418.2581
4419.2578
4420.2570
4421.2579
4422.2579
4423.2581
4424.2576
4425.2578
4426.2579
4427.2581
4428.2573
4429.2575
4430.2511
4431.2577
4432.2574
4433.2578
4434.2577
4435.2578
4436.2580
4437.2579
4438.2579
4439.2578
4440.2594
4441.2576
4442.2576
4443.2571
4444.2573
4445.2576
4446.2580
4447.2582
4448.2583
4449.2549
4450.2596
4451.2576
4452.2571
4453.2573
4454.2578
4455.2582
4456.2581
4457.2581
4458.2573
4459.2559
4460.2585
4461.2576
4462.2575
4463.2581
4464.2579
4465.2583
4466.2576
4467.2571
4468.2576
4469.2575
4470.2570
4471.2573
4472.2579
4473.2582
4474.2581
4475.2573
4476.2571
4477.2582
4478.2576
4479.2576
4480.2584
4481.2583
4482.2583
4483.2583
4484.2575
4485.2575
4486.2573
4487.2544
4488.2575
4489.2586
4490.2578
4491.2576
4492.2576
4493.2576
4494.2576
4495.2575
4496.2575
4497.2581
4498.2581
4499.2581
4500.2572
4501.2557
4502.2575
4503.2576
4504.2576
4505.2576
4506.2583
4507.2583
4508.2583
4509.2576
4510.2576
4511.2576
4512.2576
4513.2576
4514.2585
4515.2582
4516.2579
4517.2587
4518.2571
4519.2576
4520.2574
4521.2571
4522.2537
4523.2581
4524.2583
4525.2590
4526.2576
4527.2576
4528.2575
4529.2578
4530.2576
4531.2576
4532.2583
4533.2585
4534.2581
4535.2575
4536.2576
4537.2575
4538.2575
4539.2582
4540.2586
4541.2586
4542.2583
4543.2591
4544.2576
4545.2573
4546.2574
4547.2573
4548.2574
4549.2581
4550.2582
4551.2584
4552.2580
4553.2576
4554.2576
4555.2576
4556.2576
4557.2582
4558.2583
4559.2581
4560.2585
4561.2576
4562.2576
4563.2634
4564.2575
4565.2574
4566.2583
4567.2583
4568.2584
4569.2574
4570.2576
4571.2576
4572.2576
4573.2572
4574.2583
4575.2581
4576.2583
4577.2575
4578.2576
4579.2576
4580.2574
4581.2575
4582.2576
4583.2582
4584.2599
4585.2582
4586.2577
4587.2576
4588.2576
4589.2576
4590.2576
4591.2575
4592.2585
4593.2585
4594.2615
4595.2576
4596.2575
4597.2574
4598.2576
4599.2586
4600.2578
4601.2581
4602.2581
4603.2559
4604.2651
4605.2582
4606.2581
4607.2579
4608.2574
4609.2579
4610.2577
4611.2579
4612.2578
4613.2607
4614.2578
4615.2579
4616.2580
4617.2579
4618.2579
4619.2579
4620.2582
4621.2557
4622.2575
4623.2595
4624.2574
4625.2576
4626.2577
4627.2609
4628.2580
4629.2574
4630.2575
4631.2576
4632.2574
4633.2629
4634.2585
4635.2581
4636.2583
4637.2581
4638.2574
4639.2575
4640.2576
4641.2576
4642.2576
4643.2608
4644.2583
4645.2577
4646.2576
4647.2573
4648.2576
4649.2576
4650.2571
4651.2573
4652.2582
4653.2583
4654.2555
4655.2573
4656.2582
4657.2576
4658.2595
4659.2575
4660.2581
4661.2582
4662.2579
4663.2576
4664.2630
4665.2576
4666.2575
4667.2572
4668.2575
4669.2581
4670.2579
4671.2581
4672.2576
4673.2576
4674.2577
4675.2576
4676.2576
4677.2587
4678.2583
4679.2583
4680.2582
4681.2577
4682.2575
4683.2581
4684.2583
4685.2575
4686.2527
4687.2580
4688.2578
4689.2581
4690.2579
4691.2581
4692.2580
4693.2582
4694.2581
4695.2579
4696.2581
4697.2581
4698.2577
4699.2581
4700.2580
4701.2582
4702.2573
4703.2591
4704.2581
4705.2580
4706.2597
4707.2580
4708.2578
4709.2580
4710.2583
4711.2573
4712.2581
4713.2581
4714.2579
4715.2575
4716.2571
4717.2575
4718.2576
4719.2574
4720.2581
4721.2581
4722.2579
4723.2587
4724.2573
4725.2571
4726.2574
4727.2577
4728.2572
4729.2582
4730.2579
4731.2580
4732.2571
4733.2576
4734.2574
4735.2573
4736.2573
4737.2624
4738.2575
4739.2581
4740.2583
4741.2572
4742.2575
4743.2573
4744.2575
4745.2575
4746.2582
4747.2574
4748.2610
4749.2573
4750.2576
4751.2569
4752.2575
4753.2576
4754.2579
4755.2581
4756.2582
4757.2590
4758.2576
4759.2576
4760.2576
4761.2575
4762.2576
4763.2586
4764.2581
4765.2581
4766.2573
4767.2574
4768.2576
4769.2576
4770.2574
4771.2575
4772.2579
4773.2581
4774.2582
4775.2576
4776.2573
4777.2571
4778.2576
4779.2576
4780.2582
4781.2582
4782.2581
4783.2579
4784.2573
4785.2576
4786.2576
4787.2534
4788.2570
4789.2578
4790.2582
4791.2579
4792.2573
4793.2575
4794.2624
4795.2575
4796.2591
4797.2581
4798.2576
4799.2581
4800.2582
4801.2554
4802.2575
4803.2575
4804.2574
4805.2576
4806.2581
4807.2585
4808.2552
4809.2576
4810.2576
4811.2576
4812.2574
4813.2576
4814.2582
4815.2582
4816.2585
4817.2585
4818.2511
4819.2574
4820.2575
4821.2574
4822.2573
4823.2580
4824.2585
4825.2583
4826.2576
4827.2528
4828.2577
4829.2577
4830.2576
4831.2575
4832.2580
4833.2576
4834.2582
4835.2576
4836.2576
4837.2576
4838.2604
4839.2573
4840.2585
4841.2581
4842.2579
4843.2582
4844.2575
4845.2576
4846.2576
4847.2576
4848.2575
4849.2589
4850.2580
4851.2583
4852.2576
4853.2576
4854.2576
4855.2574
4856.2573
4857.2579
4858.2581
4859.2587
4860.2582
4861.2575
4862.2575
4863.2579
4864.2573
4865.2576
4866.2583
4867.2587
4868.2586
4869.2576
4870.2576
4871.2576
4872.2575
4873.2575
4874.2585
4875.2586
4876.2582
4877.2582
4878.2576
4879.2586
4880.2576
4881.2577
4882.2575
4883.2582
4884.2582
4885.2583
4886.2574
4887.2574
4888.2589
4889.2574
4890.2574
4891.2575
4892.2580
4893.2583
4894.2578
4895.2571
4896.2574
4897.2576
4898.2576
4899.2578
4900.2583
4901.2583
4902.2581
4903.2574
4904.2574
4905.2577
4906.2576
4907.2576
4908.2576
4909.2582
4910.2582
4911.2583
4912.2578
4913.2576
4914.2573
4915.2575
4916.2579
4917.2582
4918.2583
4919.2593
4920.2581
4921.2574
4922.2573
4923.2576
4924.2576
4925.2576
4926.2582
4927.2587
4928.2586
4929.2576
4930.2576
4931.2576
4932.2574
4933.2574
4934.2587
4935.2583
4936.2577
4937.2583
4938.2573
4939.2576
4940.2576
4941.2601
4942.2576
4943.2583
4944.2581
4945.2583
4946.2576
4947.2541
4948.2576
4949.2576
4950.2575
4951.2576
4952.2583
4953.2583
4954.2581
4955.2576
4956.2574
4957.2575
4958.2576
4959.2579
4960.2583
4961.2538
4962.2583
4963.2582
4964.2576
4965.2576
4966.2576
4967.2576
4968.2575
4969.2585
4970.2581
4971.2576
4972.2602
4973.2576
4974.2576
4975.2559
4976.2576
4977.2585
4978.2585
4979.2583
4980.2589
4981.2576
4982.2576
4983.2575
4984.2574
4985.2576
4986.2582
4987.2582
4988.2585
4989.2576
4990.2576
4991.2575
4992.2575
4993.2576
4994.2582
4995.2580
4996.2582
4997.2585
4998.2575
4999.2576
5000.2575
5001.2575
5002.2573
5003.2583
5004.2591
5005.2583
5006.2576
5007.2574
5008.2576
5009.2575
5010.2576
5011.2582
5012.2581
5013.2583
5014.2581
5015.2576
5016.2500
5017.2574
5018.2576
5019.2586
5020.2582
5021.2583
5022.2582
5023.2583
5024.2551
5025.2576
5026.2576
5027.2575
5028.2573
5029.2582
5030.2585
5031.2586
5032.2574
5033.2576
5034.2576
5035.2573
5036.2576
5037.2583
5038.2582
5039.2586
5040.2585
5041.2573
5042.2575
5043.2576
5044.2575
5045.2576
5046.2586
5047.2583
5048.2583
5049.2577
5050.2577
5051.2582
5052.2576
5053.2576
5054.2583
5055.2606
5056.2581
5057.2586
5058.2576
5059.2576
5060.2574
5061.2573
5062.2577
5063.2587
5064.2582
5065.2558
5066.2576
5067.2576
5068.2576
5069.2576
5070.2574
5071.2576
5072.2587
5073.2585
5074.2586
5075.2533
5076.2608
5077.2575
5078.2574
5079.2590
5080.2581
5081.2579
5082.2583
5083.2576
5084.2576
5085.2574
5086.2574
5087.2586
5088.2576
5089.2589
5090.2579
5091.2586
5092.2620
5093.2585
5094.2583
5095.2583
5096.2579
5097.2580
5098.2582
5099.2583
5100.2583
5101.2576
5102.2572
5103.2574
5104.2573
5105.2575
5106.2581
5107.2579
5108.2573
5109.2575
5110.2576
5111.2574
5112.2576
5113.2575
5114.2581
5115.2581
5116.2581
5117.2583
5118.2574
5119.2575
5120.2576
5121.2574
5122.2574
5123.2582
5124.2583
5125.2583
5126.2576
5127.2575
5128.2576
5129.2575
5130.2576
5131.2576
5132.2585
5133.2586
5134.2585
5135.2580
5136.2587
5137.2582
5138.2583
5139.2582
5140.2587
5141.2582
5142.2582
5143.2578
5144.2581
5145.2578
5146.2580
5147.2579
5148.2576
5149.2579
5150.2581
5151.2651
5152.2555
5153.2579
5154.2579
5155.2579
5156.2579
5157.2581
5158.2581
5159.2580
5160.2579
5161.2576
5162.2575
5163.2574
5164.2575
5165.2573
5166.2581
5167.2581
5168.2583
5169.2576
5170.2575
5171.2575
5172.2576
5173.2576
5174.2582
5175.2581
5176.2585
5177.2585
5178.2576
5179.2574
5180.2574
5181.2532
5182.2570
5183.2583
5184.2579
5185.2583
5186.2571
5187.2575
5188.2575
5189.2574
5190.2576
5191.2572
5192.2579
5193.2581
5194.2597
5195.2576
5196.2576
5197.2576
5198.2574
5199.2573
5200.2581
5201.2545
5202.2608
5203.2574
5204.2576
5205.2574
5206.2576
5207.2576
5208.2573
5209.2581
5210.2582
5211.2585
5212.2559
5213.2576
5214.2576
5215.2575
5216.2575
5217.2583
5218.2581
5219.2585
5220.2570
5221.2576
5222.2576
5223.2575
5224.2576
5225.2576
5226.2586
5227.2586
5228.2581
5229.2575
5230.2577
5231.2576
5232.2570
5233.2576
5234.2581
5235.2581
5236.2585
5237.2586
5238.2575
5239.2575
5240.2576
5241.2571
5242.2576
5243.2587
5244.2582
5245.2583
5246.2576
5247.2575
5248.2573
5249.2576
5250.2576
5251.2557
5252.2579
5253.2583
5254.2577
5255.2576
5256.2573
5257.2575
5258.2576
5259.2585
5260.2581
5261.2585
5262.2579
5263.2583
5264.2580
5265.2586
5266.2580
5267.2580
5268.2573
5269.2583
5270.2581
5271.2582
5272.2576
5273.2624
5274.2580
5275.2580
5276.2579
5277.2579
5278.2578
5279.2578
5280.2579
5281.2567
5282.2571
5283.2571
5284.2572
5285.2574
5286.2583
5287.2582
5288.2581
5289.2574
5290.2573
5291.2576
5292.2576
5293.2571
5294.2583
5295.2580
5296.2585
5297.2583
5298.2576
5299.2576
5300.2574
5301.2575
5302.2573
5303.2583
5304.2581
5305.2580
5306.2576
5307.2576
5308.2574
5309.2577
5310.2573
5311.2572
5312.2583
5313.2580
5314.2583
5315.2661
5316.2574
5317.2576
5318.2576
5319.2576
5320.2585
5321.2583
5322.2582
5323.2572
5324.2575
5325.2576
5326.2576
5327.2575
5328.2573
5329.2581
5330.2583
5331.2580
5332.2576
5333.2576
5334.2576
5335.2571
5336.2571
5337.2582
5338.2582
5339.2581
5340.2576
5341.2577
5342.2575
5343.2559
5344.2576
5345.2605
5346.2527
5347.2583
5348.2583
5349.2576
5350.2576
5351.2576
5352.2576
5353.2574
5354.2582
5355.2583
5356.2581
5357.2581
5358.2575
5359.2574
5360.2574
5361.2573
5362.2576
5363.2582
5364.2583
5365.2583
5366.2687
5367.2575
5368.2576
5369.2574
5370.2576
5371.2576
5372.2583
5373.2583
5374.2585
5375.2576
5376.2545
5377.2576
5378.2576
5379.2575
5380.2582
5381.2582
5382.2577
5383.2576
5384.2576
5385.2575
5386.2575
5387.2576
5388.2544
5389.2581
5390.2581
5391.2576
5392.2576
5393.2576
5394.2576
5395.2577
5396.2576
5397.2588
5398.2582
5399.2567
5400.2576
5401.2579
5402.2575
5403.2576
5404.2578
5405.2576
5406.2585
5407.2589
5408.2581
5409.2577
5410.2575
5411.2575
5412.2576
5413.2541
5414.2582
5415.2583
5416.2559
5417.2590
5418.2575
5419.2576
5420.2576
5421.2576
5422.2576
5423.2579
5424.2585
5425.2579
5426.2576
5427.2596
5428.2559
5429.2576
5430.2575
5431.2580
5432.2566
5433.2584
5434.2582
5435.2576
5436.2541
5437.2576
5438.2576
5439.2576
5440.2582
5441.2581
5442.2583
5443.2575
5444.2576
5445.2573
5446.2571
5447.2576
5448.2576
5449.2583
5450.2583
5451.2582
5452.2576
5453.2576
5454.2574
5455.2574
5456.2575
5457.2581
5458.2586
5459.2584
5460.2579
5461.2575
5462.2576
5463.2576
5464.2576
5465.2575
5466.2584
5467.2582
5468.2583
5469.2581
5470.2576
5471.2574
5472.2575
5473.2571
5474.2583
5475.2583
5476.2581
5477.2582
5478.2576
5479.2575
5480.2576
5481.2576
5482.2576
5483.2585
5484.2580
5485.2587
5486.2574
5487.2571
5488.2575
5489.2569
5490.2574
5491.2541
5492.2583
5493.2583
5494.2586
5495.2576
5496.2576
5497.2576
5498.2576
5499.2576
5500.2582
5501.2579
5502.2582
5503.2576
5504.2577
5505.2572
5506.2578
5507.2573
5508.2575
5509.2583
5510.2583
5511.2586
5512.2576
5513.2575
5514.2576
5515.2576
5516.2576
5517.2592
5518.2582
5519.2581
5520.2576
5521.2577
5522.2570
5523.2575
5524.2576
5525.2576
5526.2580
5527.2581
5528.2583
5529.2575
5530.2573
5531.2576
5532.2576
5533.2578
5534.2575
5535.2585
5536.2582
5537.2575
5538.2559
5539.2576
5540.2574
5541.2574
5542.2576
5543.2584
5544.2651
5545.2583
5546.2574
5547.2574
5548.2574
5549.2575
5550.2576
5551.2544
5552.2681
5553.2586
5554.2582
5555.2574
5556.2576
5557.2569
5558.2576
5559.2576
5560.2586
5561.2581
5562.2585
5563.2575
5564.2576
5565.2576
5566.2574
5567.2575
5568.2576
5569.2585
5570.2586
5571.2586
5572.2575
5573.2576
5574.2576
5575.2615
5576.2576
5577.2581
5578.2581
5579.2582
5580.2576
5581.2574
5582.2574
5583.2575
5584.2576
5585.2576
5586.2582
5587.2581
5588.2579
5589.2576
5590.2576
5591.2574
5592.2577
5593.2575
5594.2581
5595.2535
5596.2567
5597.2582
5598.2526
5599.2576
5600.2576
5601.2574
5602.2574
5603.2583
5604.2583
5605.2590
5606.2576
5607.2576
5608.2575
5609.2574
5610.2575
5611.2575
5612.2585
5613.2581
5614.2575
5615.2557
5616.2567
5617.2575
5618.2575
5619.2576
5620.2586
5621.2582
5622.2585
5623.2570
5624.2576
5625.2575
5626.2579
5627.2576
5628.2576
5629.2581
5630.2580
5631.2583
5632.2576
5633.2576
5634.2576
5635.2514
5636.2576
5637.2580
5638.2580
5639.2583
5640.2583
5641.2574
5642.2582
5643.2576
5644.2576
5645.2538
5646.2583
5647.2584
5648.2587
5649.2575
5650.2576
5651.2573
5652.2574
5653.2576
5654.2581
5655.2586
5656.2581
5657.2570
5658.2576
5659.2575
5660.2574
5661.2576
5662.2576
5663.2586
5664.2585
5665.2584
5666.2576
5667.2605
5668.2576
5669.2576
5670.2573
5671.2574
5672.2505
5673.2581
5674.2582
5675.2576
5676.2575
5677.2605
5678.2545
5679.2576
5680.2581
5681.2583
5682.2583
5683.2575
5684.2574
5685.2575
5686.2576
5687.2559
5688.2573
5689.2583
5690.2591
5691.2582
5692.2575
5693.2576
5694.2576
5695.2576
5696.2570
5697.2581
5698.2583
5699.2586
5700.2583
5701.2556
5702.2576
5703.2575
5704.2573
5705.2575
5706.2585
5707.2585
5708.2581
5709.2557
5710.2582
5711.2559
5712.2578
5713.2574
5714.2585
5715.2583
5716.2583
5717.2587
5718.2576
5719.2576
5720.2589
5721.2576
5722.2575
5723.2587
5724.2583
5725.2585
5726.2577
5727.2575
5728.2576
5729.2575
5730.2573
5731.2576
5732.2583
5733.2581
5734.2585
5735.2576
5736.2576
5737.2576
5738.2576
5739.2575
5740.2582
5741.2578
5742.2580
5743.2573
5744.2578
5745.2576
5746.2575
5747.2575
5748.2576
5749.2582
5750.2583
5751.2608
5752.2575
5753.2576
5754.2575
5755.2575
5756.2577
5757.2583
5758.2585
5759.2585
5760.2583
5761.2576
5762.2576
5763.2576
5764.2576
5765.2576
5766.2585
5767.2583
5768.2583
5769.2574
5770.2576
5771.2640
5772.2581
5773.2575
5774.2585
5775.2583
5776.2582
5777.2585
5778.2576
5779.2576
5780.2576
5781.2583
5782.2576
5783.2585
5784.2583
5785.2589
5786.2577
5787.2577
5788.2576
5789.2576
5790.2576
5791.2576
5792.2581
5793.2586
5794.2595
5795.2576
5796.2570
5797.2578
5798.2577
5799.2576
5800.2585
5801.2583
5802.2582
5803.2575
5804.2576
5805.2576
5806.2576
5807.2576
5808.2573
5809.2583
5810.2585
5811.2585
5812.2575
5813.2576
5814.2576
5815.2576
5816.2578
5817.2583
5818.2582
5819.2586
5820.2554
5821.2575
5822.2576
5823.2576
5824.2554
5825.2575
5826.2585
5827.2583
5828.2583
5829.2576
5830.2576
5831.2575
5832.2575
5833.2498
5834.2585
5835.2580
5836.2579
5837.2585
5838.2575
5839.2577
5840.2574
5841.2575
5842.2573
5843.2583
5844.2579
5845.2581
5846.2574
5847.2576
5848.2575
5849.2576
5850.2576
5851.2576
5852.2585
5853.2586
5854.2587
5855.2578
5856.2576
5857.2576
5858.2574
5859.2574
5860.2585
5861.2586
5862.2583
5863.2576
5864.2575
5865.2576
5866.2574
5867.2575
5868.2576
5869.2581
5870.2582
5871.2587
5872.2578
5873.2576
5874.2576
5875.2576
5876.2565
5877.2578
5878.2579
5879.2582
5880.2574
5881.2582
5882.2571
5883.2571
5884.2586
5885.2573
5886.2581
5887.2589
5888.2579
5889.2582
5890.2581
5891.2581
5892.2587
5893.2581
5894.2592
5895.2581
5896.2580
5897.2582
5898.2582
5899.2583
5900.2581
5901.2580
5902.2575
5903.2579
5904.2581
5905.2583
5906.2580
5907.2580
5908.2581
5909.2608
5910.2578
5911.2559
5912.2578
5913.2580
5914.2581
5915.2575
5916.2576
5917.2574
5918.2575
5919.2572
5920.2544
5921.2581
5922.2581
5923.2569
5924.2575
5925.2576
5926.2575
5927.2576
5928.2574
5929.2590
5930.2617
5931.2583
5932.2577
5933.2575
5934.2574
5935.2576
5936.2576
5937.2585
5938.2585
5939.2586
5940.2586
5941.2576
5942.2576
5943.2576
5944.2574
5945.2573
5946.2583
5947.2585
5948.2579
5949.2586
5950.2541
5951.2583
5952.2580
5953.2587
5954.2581
5955.2582
5956.2581
5957.2582
5958.2581
5959.2581
5960.2576
5961.2577
5962.2573
5963.2581
5964.2583
5965.2581
5966.2583
5967.2581
5968.2581
5969.2581
5970.2559
5971.2573
5972.2577
5973.2581
5974.2582
5975.2573
5976.2575
5977.2574
5978.2574
5979.2574
5980.2586
5981.2578
5982.2585
5983.2574
5984.2576
5985.2573
5986.2574
5987.2573
5988.2573
5989.2586
5990.2579
5991.2581
5992.2582
5993.2574
5994.2567
5995.2575
5996.2576
5997.2583
5998.2580
5999.2581
6000.2583
6001.2576
6002.2576
6003.2576
